0 1 1 7 2 0 2 1 1 2 1 3 3 2 1 2 4 2 4 2 -18 3 1
1 0 18 16 14 10 5 24
2 0 2 0
3 0 1 14 3 1 0 17
4 2 15 18 20 9 0 12 9 12 11 12 44 2 15 15 9 17 2 2 9 15 12 3 4 3 10 14 -9 21 10 2 2 9 9 17 1 0
5 -25
6 26 1
7 12 30 9 16 11 11 17 23 15 28
8 7 14 7 2 2 1 4 2
9 7
10 8 4 3 9 11 21 12 10 0 8 12 4 8 11
11 12 8 6 10 0 5
12 32 1 18 7 42 15 15 14 7 2 31
13 5 0 9 7 4 13
14 3 21 25 11 15 16 1 16 17 17 6 11 10 4 28 15 24 41 -1 23 14 29 39
15 16 9 24 14
16 1 2 7 13 1
17 3 2 3
18 12 1 6 1 0 3 1 0 20 1 1
19 1 4 11 3 1 10 2 11 19 2
20 1 1 3 2 0 0 1 6 1 0
21 0 5 5 -2 8
22 15 9 1 39
23 -65 16 12 18 15 3 24 17 8 7 2 9 9 3 8 6 11 4 28 15 23 1 67 29 23 1 4 9
24 5 2 10 1 1 2 7 15 14 14 11 1
25 3 2 2 1 16 2 -65 1
26 5 8 12 17 3 11 2 19 19 33 1 3 4 2 13 1
27 3 15 0 2 1 1
28 0 3 15 3 1 1 1 2 3 2 6 14 10 7 8 1 1
29 4 2 9 1 12 8 6 0
30 10 1 12 5 1 8 14 10 3 12 12 12 6
31 -1 0 -1
32 7 62 1
33 3 1 1 22 0
34 12 10 29
35 6 16 2 19 3 21 7 6 5 4 7 11 12 31 3 3 0 2
36 1 17 6 1 9 20 1 0 1 3 16 15 0
37 12 1 6 1 5 8 5 13 6 3 10 13 16 14 0 2 16 11 4 6 16 15 15 1 0 16 12 15 10 6 13 13 11 1 13 15 14 -1 14 2 4 13 8 10 15 12 16 15 1 14 1 4
38 11 2 0 1 7 10 9 68 3 10 2 6 3 2 9 13 19 7 1 5 2 2
39 1 21
40 2 3 8 2 5 3 1 1 1 1 2 1 3 3 3 2 1 11 11 1 1 24 12 1 12 11
41 4 1 2
42 10 2 1 1 3 0 1
43 1 1 6 2 4 4 1 4 9 7 8 1 1 15 6 1 1 0 1 1 13 10 5 5 0 2 3 2 4 2 2
44 2 7 14 0 56 2 1 1 2 2 5 11 4 5 51 5 13 25 7 4 7 6 9 8 9 8 2 3 11 13 1 1 4 1 2 4 10 2 4 2 1 2 10 9 11
45 9 13 10
47 5 5 0 11 4 23 6 9 3 2 10 2 3 8 3 8 2 25 6 11 1 1 8 21 4 6 10 4
48 5 1 3 1 2 2 5 1 8 1 6 18 5 3 1 3 4 3 6 6 1 7
49 1 1 1 3 11 1 12 9 1 8 0 -47 1 24 1 0 14 1 13
50 14 56 55
51 -8 -57 19 31 16 15 28 -1 12
52 2 2 6 0 0 4 1 9 0 8 4 1 0 1 0 2 2
46 8
53 1 8
54 -16 34 12 -2 14 20 21 8 -55 34 20 14 20 25 16 20 9 31 10 41 42 -68 7 7 10 38 47 -2 46
55 2 31 0 1 29 1 1 1 1 1 16 1 2 6 1 25
56 0 2 0 1
57 -12 19 13 15 29
58 10 5 2 -57 5 1 1 3 4 18 40 3 1 1 50
59 41 23 41 21 10 62 2 10 67 38 5 22 57 3 2 13 3 18 2 3 10 9 1 -48 29 4 20 2 10 14 23 31 1
60 0 0 1 4 4 28 12 1 24 12 2 9 11 5
61 4 1 30 1 9 1 1 0 2 0 12 -1 1 -1 17 -1 -1 57 13 -1 2 2 0 -1 2
62 7 3 10 5 2 5 5 11 0 2 0 10 12 1 2 1 5 12 21 4 5 11 11
63 28 18 36 33 11 2 15 9 21 8 8 14 7 4 7 4 13 11 30 9 26 17 15 31 20 7 12 1
64 22 22 6
65 9 2 24 12 4 25 26 3 3 4
66 0 1
67 18 16 4 2 1 12 5 2 1 3 3 2 2 1 16 9 3 2 3 3 2 2 -21 16 1 -16 18 14
68 1 2 2 2 2 6 3
69 31 37 19 3 5 23 15 25 1
70 4 2 10 8 6 2 8 5 10
71 2 6 14 2 10 8 6 20 6 14 12 6 1 18 6 2
72 11 15 16 0 16 4 8 2 1 1 10
73 3 7 2 6 3 3
74 28 15 17 14 11 19 23 7 3 4 0 9 21 6 25 21 0 -1 1 33 37 -1 3 10 2 17 11 52 7 3 9 1 28 9 10 10 -1 10 2 27 14 23 3 14 4 11 4 19 1 3 19 6 10 24 13 25 24 19 14 25 28
75 10 1 15 2 22
76 7 5 1 1 3 1 -39 3 2 3 7 18 7 1 1 5 8 1 -5
77 3 4 0 4 6 8 2 12 61 2 16 25 12 2 2 4 2 3 2 0
78 1 8 9 12 7 4 7 11 6 11 6 19 10 8
79 1 10 17
80 31 4 -27 -64 27 28 6 31 1 18 19 28 -2 20 12 26 1 10 13 18 12 17 3 17 11 3 8 6 25 22 16 12 22 13 25 17 19 18 3 7 2 0 26 6 10 1 11 22 11 23 41 13 22 10 -1 14 25 18 24 14 12 11 21 11 14 6 2 16 11 15 11 23 24 7 15 21 11 29 17 11 9 26 30 26 40 2 14 30 2 4 13 20 12 5 16 15 23 10 11 34 51 7 -59 23 4 11 14 2 8 13 9 12 1 14 4 9 41 26 14 0 15 21 15 17 7 12 14 19 8 8 35 14 52 11 0 2 18 22 4 33 9 7 13 10 1 22 2 12 11 10 13 30 13 0 8 7 16 1 4 7 20 40 3 4 14 18 16 20 26 34 19 11 13 8 1 10 13 15 2 2 1 14 11 26 14 2 1 38 33 6 16 45 9 13 15 13 11 4 12 18 11 7 30 33 50 31 7 15 13 -56 0 -59 0 -60 13 9 27 20 20 14 1 38 -27 13 14 21 22 14 -5 20 -59 21 67 18 33 33 13 -63
81 3 17 18 30 30
82 1 3 0 1 20 14 2
83 0 5 5 7 0 24 5 10 5 20 8
84 27 27 39 27 44 20 15 56 10 6 3 0 18 51 26 12 51 20 15 20 17 21 53 34 5 31 19 14 1 8 2 1 26 45 31 45 13 50 24 15 24 2
85 6 4 1 2 1 0 2 10 2 3 16 3 5 6
86 1 1 15 1 2 5 12 15 1 9 10
87 4 1 3 3 3 2
88 8 4 6 4 9 1 6 1
89 1 6 3 16 2 1 5 4 0 1 0 2 1 0 8 1 14 4 1 2 7 1 6 0 1 12
90 8 27 2 1 5 11 1 18 0 5 8 3 16 2 9 4 2 1 12 2 11 8 3 9 4 9 16 18 8
91 7 10 4 4 1 4 1 11 11 2 5 9 3 10 3 7 9 1 8 8 1 9 -5 9 0 8
92 7
93 0 1 12 0 0 2 28 1 -6 1 21 24
94 7 2 3 6
95 0 2 1 68 6 3 69
96 2 4 4 8 59 7 40 17 4 54 11 40 8 8 41 14 41 12 20 3 54 4 2
97 2 7 3 2
98 0 6 5 61 5 2 13 1 4 2 17
99 5 7 2 4 1 15 17 7 20 1 8 6 1 6 6 1 20
100 11 1 31 1 8 3 2 2 12 3 5 10 4 6 8 4 4 14 3
101 1 2 12 1 10 10 9 1 10 18 12 1 99
102 1 2 1 1 2 2 0 3 1
103 1 3 4 4 3 9 0 1 6 -11 -74
104 2 0 12 3 -1 0 1 4 0 0 8 18 2 0 14 -1 2 13 -1 0 2 -1 0 -1 1 10 3 12 0 2 1 -1 33 0 -2 10 9 1 2 14 5 0 12 4 2 1 0 9 2 2 18 9 11
105 -51 -58 -62 -60 -64 -59 -61 -62 -63 -60 -64 -65 -58 -53 -55 -57 -65 -65 -66 -66 -66 -66 -66 -67 -69 -69 -69 -69 -69 -70 -71 -71 -71 -71 -71 -71 -69 -65 -72 -72 -73 -65 -65
106 2 2 2 1 1 2 2 1 10 9 0 8 1 2 20 3 3 9 2 1 7
107 24 21 5 3 6 6 26 2 16 3 17 5 4 3 21 27 6 11
108 -10 23
109 2
110 0 1 5 1 16 0 0 3 0
111 16 2 4
112 12 17 10 12 14 2 2 6
113 0
114 1 2 15 14 1 14 4 32 4 12 12 18 36 32
115 7 3 19 3 8 2
116 12 4 1 1 3 2 1 2 3 37 25 3 5
117 50 12 15 -63 9 8 20 18 34 12 17 15 8 11 19 2 -1 17 19 13 35 13 22 20 15 53 17 14 18 67 20 41 20 9 7 32 2 24 57 32 18 43 39 57 22 4 15 5 10 11 37 37 17 14 18 11 9 20 5 51 14 2 26 13 15 -27 52 12 9 17 15 7 52 22 10 3 12 77 10 28
118 2 0 2
119 17 13 12 11 3 1 6 6 3 10 0 10 0 18 5 2 1 0 1 6 1
120 12 13 10 0 11 11 -57 0 10 9 12 2 10 13 1 11 4 2 0 11 12 1 9 2 11 13 8 12 9 3 0 10 7 13 11 10 12 14 4 3 1 1 11 0 9 3 13 7 0 11 1 10 4 3 1 9 4 12 0 9 0 1 2 2 2 3 14 2 1 10 0 5 12 1 1 4 13 10 9 1 3 1 1 0 5 15 6 1 1 13 0 1 2 1 5 0 1 0 3 2 6 2 10 2 0 1 2 13 11 10 13 14 0 14 10 9 1 0 0 12 13 0 1 1 12 12 1 3 12 11 2 10 3 12 10 1 10 10 12 3 6 11 4 4 2 10 9 0 0 1 10 11 11 11 13 10 13 11 3 0 2 0 2 1 9 12 13 0 11 1 0 10 2 2 1 4 2 12 11 4 13 8 1 0 10 0 0 11 3 8 11 16 12 1 1 9 2 12 2 10 10 9 1 0 1 11 1 0 11 3 11 1 7 0 15 1 0 10 2 4 2 8 9 3 8 0 13 4 4 2 1 15 10 12 2 9 1 12 0 12 3 15 11 13 1 4 2 11 14 1 9 6 12 1 3 1 10 10 10 4 4 3 13 3 13 10 0 1 4 1 1 2 10 4 0 0 0 1 15 13 0 13 10 12 11 2 8 7 0 11 2 2 0 2 1 2 6 0 1 11 0 2 1 1 1 2 1 10 0 11 10 12 3 3 16 2 1 1 12 11 3 9 1 13 3 1 11 10 15 1 1 12 12 2 11 11 10 1 13 13 0 0 1 1 1 1 2 11 11 3 1 11 11 11 0 13 1 6 12 2 5 9 11 2 10 11 14 2 1 11 4 0 9 3 13 3 10 1 1 13 0 13 0 0 0 13 4 11 11 16 1 5 0 15 2 11 0 12 1 13 1 13 3 4 0 0 8 14 14 2 1 11 13 9 1 13 11 1 1 14 1 0 12 0 0 9 11 2 1 1 1 0 1 1 3 12 12 11 10 3 3 0 10 9 13 9 1 3 11 11 1 11 1 11 3 9 3 8 9 8 13 2 15 13 12 1 13 14 2 13 2 1 10 12 1 4 13 9 13 3 3 11 14 7 0 2 11 6 6 13 0 1 1 13 2 12 1 10 1 9 11 12 0 2 1 1 14 4 11 2 0 11 8 15 1 0 2 2 9 0 5 0 15 3 0 3 12 3 2 15 2 14 12 10 0 0 0 12 3 10 13 11 9 5 2 0 5 1 13 1 1 2 13 1 5 12 3 12 2 14 2 3 12 10 15 12 13 13 14 4 1 11 1 2 11 2 16 1 12 13 2 15 3 1 11 10 2 0 1 1 4 2 2 1 0 2 0 1 2 1 1 2 1 0 0 2 1 0 1 0 2 1 1 1 0 0 1 2 1 1 0 1 1 0 2 1 0 0 0 2 2 0 1 2 3 11 2 2 1 0 13 1 3 1 3 2 0 14 3 2 2 0 14 0 2 0 2 10 12 3 2 3 1 4 2 12 13 10 3 9 1 10 11 10 3 2 10 1 10 2 3 13 4 1 6 6 9 1 1 0 1 2 9 10 13 16 10 1 2 1 11 0 0 0 2 0 2 0 0 2 0 1 1 1 1 12 1 11 4 9 4 1 3 1 0 2 6 14 10 0 1 13 2 0 4 11 1 1 2 9 14 2 1 0 13 10 7 3 12 7 10 1 2 -61 7
121 23 33 13 11 34 15 22 16 33 14 2 7 33 13 23 2 2 42 28 0 14 104 12 4 11 14 15 15 5 25 10 15 6 2 3 1 5 1 1 1 34 18 103 18 17
122 2 1 1 1 3 3 2 1 2
123 9 -33 4 2 -60 7 7 16 3 0 11 14 7
124 8 5 1 1 1 3 0 0 1 0 11 59 5 2 1 17 11 15 7 2 8 4 9 0 3 2 3 1 6 1 5 17 2
125 1 1
126 2 6 0 0 14
127 0 2 0 2
128 17 13 2 15 10 3 7 9 70 8 2 8 5 7 12 0 3 12 8 5 5 15 10 3 8 20 2 5 5 20
129 3 1 0 13 2 13 0 1 3
130 7 15 8
131 6 5 10 7 9 11 10 11
132 2 1 2 0 20 0 14 22 1 3 18 6 10
133 2 1 8 4 7 16 46 7 6 91 -1 2 1 3 1 14 7
134 18 19 18 13 19 15 2 2 7 9
135 10 0 6 1 6 4 13 10 8 14 5 7 7 2 2 6 5
136 1 1 9 2 1 13 2 0
137 11 12 15 4 9 16 13 9 18 20 9 18 12 13 13 21 18 12 27 9 -5 9
138 29 20 12 0 15 18 21 13 21 11 28 2 13 18 1 1 -67
139 7 17 16 -20 2 6 4 8
140 14 0 9 0 2
141 2 3 1
142 2 5 7 18 3 3 1 3 -1 9 9 1 10 9 1 1 10 9
143 8
144 8 0 1 1 8 0 0 2 10 9 0 1
145 15
146 0
147 21 1 2 1 8 13 13 20 3 2 35 2 22 4 6 18 1 2 18 10 15 4 21 3 1 8 5 2 2 2 4 17 3 5 4 2 -5 4
148 2 4 2 7 4 4 3 0 -60 5 4 1 0 3 3 0 1 0 1 4 3 0 36 4 1 7
149 3 3 2 2 13 5 0 10 1 4 20 11 3 12 1 3 17 3 10 3 4 8 1 12 1 4 1 1 19 10 2 19 3 4 2 4 6 7 3 2 8 8 1 4 2 2 18
150 9 3 2 1 16 3 15 3 2 8 3
151 6 3 7 7 6
152 15 4 7 1 10 2 13 10 1 2 5 5 1 -1 2 39 3 4 3 2
153 2 4 2 1 1 1 1 1 2
154 23 2 22 1 1 11 9 3 3 1 -1
155 28 10 12 2 10 2 7 3 8 1 11 8 8 3 6 2
156 6 13 2 7 12
157 14 13 2 0
158 1 -6 -13 7 1 19 2 15 -44 1
159 17 3 8 15 3 5 2 13 16 3 17 9 3 2 1 2 2
160 17 2 2 7 16 13
161 13
162 6 17 7 5 15 2 4 18 1 5 5 2 10 -5
163 25 9 1 1 11 8 3 25
164 2 1 1 1 3 2 2 2 1 2 1 2 8 11 21 3 1 3 2 38 22 4 39 1 26 13 3 8 16 11 14 6 1 1 2 2 2 1 12 3 22
165 6 0 26 2 1 3 0 30 5 4 1 2 8 2 -1 -44 9 -10 2 -4 1 5 6 25 2 5
166 18 10 6 6 16 16 1 9 20 7 2 1 13 5 10 2 3 0 6 2 25 9 9 5 3 4 4 2 1
167 8 7 7 8 4 8 4 6 4 11 2 5 3 33 8
168 12 2 13 10 12 2 9 0
169 13 4 14 1 5 11 4 12 1 12 2 25
170 9 2 34 29 1 10 19 1 29 18 19 3 4 1 10 11 41 1 10 2 1 8 9 3
171 1 10
172 6 2 7 17 7 3 9 7 15 4 1 2 8
173 12 9 16 2 11 2 9 11 11 9 17 2 10 18 12 3 7
174 0 2 0
175 2 5 9 0 4 12 0 7 0 5 2 2 11 3 2
176 18 12 11 10 0 11 10 8 12 18
177 3 5 13 2 18 5 1 5 4 0 5 5 2 19 3 3 2 0 1 -40
178 18 54 27 53 8 67 62 29 15 34 34 35 12 2 53 11 4 26 14 2 17 13 10 21 49 9 38 57 26 -5 46
179 19 7 2 2 24 13 2 18 29 8 3 11 14 6 4 9 7 13 42 12 5 2 9 7 11 2 3 2 2 19 2 2 7 10 20 2 3 16 2 6 3 2 24 2
180 10 3 10 12 16 5
181 1 8 3 2 6 2 4 4 1 2 1 7 3 2 -1 7 8 8 6 1
182 10
183 4 12 11
184 15 1 3 15
185 9 7 -1 4 8 4 4 1 10 3 15 4 -1 1 1 1 1 1 35
186 1 1 9 1 0 1 1 1
187 12 3 8 14 12 3 3 2 8
188 38
189 10 13 3 9 21 10 6 7 5 4 28 16 112 10 6 7 8 5 4 8 13 16 2 3 8 11 7 4 9 4 10 1
190 0 13 10 3
191 2 17 5 8 2 4 11 12 15 6 7
192 2 10 2 13 3 2
193 2 0 5 5 2 20 7 3 2 5 6 12 8 1
194 1 6 1 1 2 1 2 10 3 1 4 1 1 6 2
195 8 11 5 1 5 24 13 4 3 -61 4 24 5 4 11 5 2 11 3
196 9 21
197 1 2 3 1 6 1 4 7 3 1
198 25 2 2 32 38 4 1 9 2 2 1 59
199 0 0 5 3 1 0 1 45 0 13 7 8 13 58 1 1 0 13 29 1 2 11 14
200 7 0 20 8 8 18 1 4 9
201 5 0 2 0 5 3 11 11 0 2 0 5
202 0 2 9 10 5 2 0 3 2
203 2
204 0 2 0 1 2 2 2 4 2 18
205 23 16 19 2 19 21 11 3 3 4 3 20 2 9 2 41 2 8 13 11 25 2 24 9 8 54 18 43 18 1 17 1 7 13
206 8 1 7 2 5 5 5 1 3 5 3 11 6 7 2 3 2 2
207 0 7 3 4 4 7 1 2 10 14 2 1 13
208 4 1 2 5 10 12 18 10 1 2 1 2 20
209 5 1 14 1 2 0 0 0 0 0 0 0 0 0 0 0
210 23 2 3 3 2 9 7 2
211 1 2 0 4 0 1 1
212 -2 23 24 6 2 0 5 11 6 12 23 1 8 1 1 3 14 13 1 3 -49 4 -13 7 18 9 5
213 2 6 2 1 6 3 2 11 7 1 1 1 1 2 2 9 5 2 6 8 2 9
214 16 61 11
215 0 8 9 17 0 9 14
216 4 1 6 11 2 4 8 1 2 6 3 8 2
217 25 0 1 4 0 12 28 12 16 12 2
218 12 28 20 25 16 38 39 2 9 15 9 10 9 5 -63 13
219 0
220 4 15 7 7 -1 9 -10 7 4 11 3 11 2 1 1 2 3 3 3 2 21 9 3
221 8 1 27 2 0 1 4 2 1 3 6 4 12 10 2 2 1 -7 14 18 3
222 1 1 -5 17
223 4 10 2 12 3 27 2 -61 0 0
224 3 1 35 10 6 3 23 10 1 10 6 9 1 2 5 4 1 1 5
225 15 22 26 26 37 3 12 12 20 6 7 23 10 4 26
226 1 11 1 4 5 2 0 3 3 2 5 6 4 9
227 2 3 14 6 12 9 3 3 0 11 9 3
228 0 10 15
229 2 3 7 7 11 38 2 2 2 2 4 2 30 25 2 6 3 4 25 2 3 4 0
230 5 6 4 2 10 4 4 1 4 15 1 1 4 3 5 2 1 1 9 3 1 3 5 6 9 4 14 7 9 3 9 9 3 1 5 9 5 8 7 2 1
231 1 2 3 1 6 2 2 0 2 9 5 1 3 2 1 3 1 2 3 5 3 3 0 3 1 2 1 3 2
232 17 21 8 30 4 4 12 4 8 28 -40 40 9 9 10 4 56 18
233 47 11 7 6 1 7 6 1 7 37 12 20 49 4 19 4 17 5 11 51 10 21 18 5 5
234 1 2 1 2 2 1 27 0 2 0 1 4 2 20 0 3 33 18 6 11 1 2 1 12 8 27
235 12 0 1 10 0 5 2
236 353
237 3 1
238 18 9 14 7 4 11 15 9 4 6 20 3 6 21 16 20 13 10 6 3 23 12 2 4 5 6 5 3 10 7 1 12 8 7 0 2 3 5 17 17 13 12 11 5 12 11 4 15 12 2 19 14 20 8 12 13 9 6 8 11 7 16 15 10 10 11 0 0 16 1 17 12 10 14 14 14 12 1 2 3 19 10 11 11 10 12 4 9 10 15 0 9 17 2 8 11 3 12 20 19 8 12 7 1 16 26 8 11 18 13 8 9 17 1 4 7 5 12 14 14 5 10 12 18 5 10
239 1 7 2 2 7 10 23 0 10 17 11 7 14 2 7 9 13 0 7 3
240 4 5 10 8 5 8 23 19 17 11 26 31 11 2 5 21
241 10 5 2 0 9 20 4 5 7 12 2 12 6 11 2 2 9
242 1 1 8 16 4 1
243 3 2 1 7 1 1 6 1 1 4 0
244 8 1 29 1 0 2 3 1 2 2 10 8 3 2 15 0
245 3 8 7 0 13 0 14 25 10 12 13 11 0 14 1 2 2 0 14 3 13 0 1
246 23
247 2 3 6 1 2 1 0 4 7 1 10 4 10 2 2 51 43 1 89 1 14 3 2 19 1 21 23 2 9
248 6 1 2 4 9 10 32 19 19 22 2 8
249 23 23
250 2 2 10 2 12 1 2 18 10 4 2 52 46 11 2 6 23 53 4
251 0 4 2 0 0 3 5 5 6
252 10 18 16 33 0 14 7
253 4 1 1 -33 7 -1 2 2 2 6
254 2 7 0 5 8 2 0 2 0 0 13 5 2 14 0 10 2 2 2
255 2 2 11 4 4 0 7 0 1 1 7 5 0 0 4 1 6 1 4 1 3 1
256 2 0 2 0 1 2 4 49 1 1 24 38 5 0 21 25 4 2 12 44 2
257 13 18 12 2 3 2 7 14 7 10 1 8 4 16 -14 17 7 28 8 16 15 28 9 7 15 15 5 7 12 17 1 17 12 3 4 30 13 33 15 12 3 10 29
258 -46 59
259 5 7 10 9 4 12 7 8 20 9 5 6 12 10 42 6 9 4 43 19 22 33 12 -18 8 4 13 6 11 7 11 16 9 6 15 4 9 7 6 5 15 14 9 7 -5 38 17 10 27 9 11 12 11 -1 9 12 10 3 6 4 6 3 2 6 6 5 6 8 5 3 7 11 7 11 6 33 34 6 13 25 19 4 14 5 21 39 2 8 6 5 17 10 5 5 4 11 14 6 25 11 6 7 11 5 11 28 9 10 10 11 9 5 24 25 26 8 13 5 5 12 18 9 10 9 9 7 14 3 9 6 7 6 5 20 13 24 4 9 5 3 9 7 5 5 9 13 9 5 4 12 6 5 1 4 28 4 11 6 26 -1 7 15 4 7 16 -28 11 14 7 6 6 -5 40 -5 10 28 11 -5 7 5 5 4 10 14 12 4 27 28 8 -18 15 19 8 8 6 -18 5 7 -68 8 18 43 19 7 12 6
260 45 7 12 1
261 3 6 0 3
262 7 3 4 11 2 3 1 5 0 1 0 1 16 15 8 21 7 3 0 1 3
263 8 2 4 2 4 13 9 0 1 2 12 1 4 0
264 0 2 0 1 2 2 0 2 3 2 2 2
265 0 1 5 3 3 0 1 0
266 9 3 3 1 1 3 2 3 8 13 1 2
267 8 11 10 18 30
268 2 2 1 1 3 3 1 1
269 9 8 3
270 3 10 10 5 8 12 5 5 11 11 10 4 10 8 11 2 6 15 1 4 3 3 7 4 4 6 4 2 4 10 6 6
271 8 25 19 22 0 21 10 5 9 0 13 9 15 2 8 2 2 7 25 11 21 5 3 1 8 29 36 12 2 2 12 11 2 13 21 1 23 8 0
272 19 19 13 21 10 3 4 10
273 0 1 2 9 1 1 3 1
274 29 16 0 26 0 9 5 9 13 16 4
275 27 0 5 8 1 1 23 2 4 2 4
276 1 2 0 9 9 1 5 7 2 1 4 14 2 8
277 10 9 3 8 15 8 9
278 1
279 5 1 1 1 5 2 5 1 3 9 52 2 9 2 2 8 1 1 9 1 2
280 4 5 26 24 2 17
281 8 19 5 5 9 17 15 5 3 8 6 22 3 19 23 21 21 19 23 12 12 3 34 34
282 28 -7 -7 20 -26 -4 2 4 3 4 3 -37 26
283 5 10 4 11 0 6 13 10 3
284 15 2 2 13 1 3 2 2 2 58
285 18 22 2 10 25 1 1
286 1 8 4 6 6 7 3 -5
287 1 0 55 8 5 4 31 3 4 8 1 3 29 14
288 12 6 9 -60
289 1 0 2
290 2 3 2 2 3 3 3 25
291 4 2 3 9 9 8 16 1 2 20 5 39 2 2 4 5 11 11 7 6 11 1
292 11 0 1
293 2 -1 2 1 10 2 16 4 38 3 39 18 4 10 12 11 8
294 7 32 10 9 7 6 43 20 6 16 5 16 19 7 9 4 2 4 15 6 19 5
295 1 1 1
296 25 8 9 18 0 5 4 0 4 2 6 4 3 1 12 1 12 25 17 5 3 2 1
297 5 0 4 2 1 9 11 16 0 1 1 3 1 20 16 21 3 5 6 7
298 11 5 18 1 5 10 2 18 12 40 3 44 23 9 67 9 10 22 25 9 17 4 20
299 6 27 7 18 16 15 6 2 5 7 13 12 11 14 16 25 3 6 12 15 7 2 22 12 15 2
300 15 5 1 6 1 9 8 8 1 6 3 9 8 6 16
301 5 9 3 0 6 28 1 8 5 11 1 5 6 2 2 6 1 2 2 6 20 12 1 2 3 7 2 13 4 3 2 2 4 2 6
302 19 0 13 6 4 29 6 5 4
303 3 2 1 1 1 1 1 1 14
304 16 9 12 78 27 42 11 38 10 53 25 47 53 22 47
305 2 5 17 37 1 20 24 3 6 2 17 10 3 17 3 8 22 18 7 12 25 2 3 6 3 4 6 13 14 17 8 4 3 1 8 25 9 14 13 19 13 1 4 14 13 4 3 1 15 6 5 17 2 2
306 11 4 3 1 4 15 16 11 0 14 1 3 18 5
307 1 15 2 25 1 2 7
308 4 7 11 1 1 1 6 4 4 9 6
309 8 19 2 1 2 1 8 2 5 1 16 13 8 34 25 3 3 4 6 5 9 4 1 7
310 7 14 8 4 6 10
311 2 1 1 2 3 3 4 1 1 2 4 1
312 2 2 2 1 2 0 3 3 4 7 2 2 1 5 4 9 7 11 7 5
313 2 3 0 1 3 1 2 5 17 1 9 7 2 1 8 6 0 6 3 1 2 3 2
314 2 10 14 5 10
315 1 12 12 1 3 3 -39 10 1 10 4
316 1 1 12 12 1 5 16 9 11 5 25 3 1 21
317 21 6 1 3 25 11 2 0 25 2
318 2 4 3
319 1 20 25
320 28 33 17 26 13 2 5 2 2 2 7 2 -65 6 -55
321 6 2 2 1 0 2 2 1
322 -47 0 2 2
323 9 10 16 1 12 17 135 94
324 35 21 6 5 27 7 0 12 -17 10 4 12 25 10 20 6 2 2 22 2
325 1 3 2 39 4 6 5
326 2
327 1 4 1 2
328 3 10 26 11 2 2 40 28 2 2 -2 27 12
329 1 6 1 27 2 9
330 3 10 6 12 1 2 6 3 3 9 9
331 4 2 2 9 14 1 1 24 10 12 14 12
332 0
333 2 1 1 1 9 14 21 1 15 15 7 1 12 2 2 1
334 8
335 2 2
336 22 2 7 16
337 1 0 0 0 1 5 2 0 0 1
338 1 2 0 2 1 10 2 2 1 1 3 2 11 1 2 1 17 2 2 5 3 3 2 4 1
339 2 0 1 1 0 0
340 5 9 7 9 8 12 8 8 11 11 9 11
341 11 7 1 2 11 4 8 3 12 7 16 7 7 21 5 13 11 19 3 12 13 12 18 9 13 1 13 1 0 14 8 13 0 13 13 12 2 16 2 11
342 11 11 17 2 1 8 6 2 8 10 2 17 1 2 0 8 3 18 69 1 7 14 13 11 13 2 52 1
343 0 1 15 13 5 8 14 3
344 1 0 3 2 1 1 13 3 3 2 1 2 22
345 1 0 2 0 1 1 0 1 1 1 1
346 18 -60 5 2 2 8 9 -60 13 19 7 13 6 10 10 10 -60 19 9 -60 3 8 4 9 11 19 11 19
347 10 15
348 0 1 6 12 8 3 7 3 9
349 1 3 0 3 1 8 1 16 1 2 15 9 1 2
350 12 19 9 14 9 15 12 19 16 13
351 4 1 4 0 3 15 1 3 2 3 9 11 3 6 3 2 -5 8 21 18
352 0 4 4 5 11 2 21
353 12 11 7 2 5 11 5 2 14 18 3 14 5 2 12 10 12 6
354 1 1 -18 5 2 8
355 1 0 7 3 0 1 2 1 14 3
356 6 7 10 1 10 11 0 9 5 1 10 10 11 -18 14 1 2
357 0 0 2 8 0 2 0
358 1 0 8 3 13 0 3 35 22 1 1 1
359 12 2 17 1 17 15 10 2
360 3 3 0
361 2 4 7 14 3 19 2 19
362 9 1 1 5 1 0 0 1 1 0
363 2
364 5 1 6 1 2
365 1 8 2 2 8 2 4 18 0 2 4 1 2 1 1
366 2 2 0 1 1 0 22 15 1 1 4 4 2 2 -18 -35 2 2
367 1 1 0 3 1 8 16 2 14
368 1 2 15 0 17 1 1 4 3 5 2 2 0 1 5 5 9 3
369 10 8 42 8 5 9 3 8 7 2 3 8 14 8 3 8
370 8 1 1 3 13 3 3 1 3 3 0 3 2
371 12 10 3 0 4 3 10 11
372 32 10 14 0 1 -1 1 11 13 7 12 17 1 0 14 0 -1 13 16 -1 -1 2 13 11 -62 7
373 5 10 3 10 1 1 11 9 5
374 3 -15 13
375 1 3 0 -1
376 2 7
377 0 12 1 4 6 3 14 3 9 9 2 1 1 14 13 2 5 0 6
378 11 18 3 7 19 17 11 17 18 31 31 19 17 11 19 8 18 22 28 8 21 8 12 19 19 12 20 22 12 5 16 20
379 3 14 10 1 2 5 1 13 16 15 4 2 2 2 2
380 14 1 7 27 2 1 1 12 3 8 10
381 25 8 0 4 4 7 3 2 13 3 2 17 3 10 11 4 3 3 2 0 36 1 -48 1 2 2 16 2 3 -4
382 0 17 11 0 0 9 8 1 6 11 2 13 5
383 45 17 17 20 24
384 1 1 1 8
385 112 27 17 17 1 17 5 0 7 16 13 5 -62 18 35 1 24 7 14 19
386 3 13 1 2 4 2 2 9 2 3 4 6 1 5 6 6 2 3 7 2 2 3 3 4 15
387 8 34 6 11 17 37 38 4 87 78 83 3 2 85 39 26 3 27 27 78 13
388 29 34 29 32 35 1 31 49 5 18 26 26 36 26 32 11 28 25 33 32
389 10 0 11 14 1 10 2 3 12 4 10 28 4 11 8 11 29 27 13 42 28 42 14 5 25 3 5 3 41 2 3 1 2 10
390 17 4 6 12 10 6 3 16 4 9 0 9 14 4 0
391 3 1 3 2 6 2 6 5
392 1 10 6 3 1 2 5
393 9 6 0 4 1 2 1
394 14 13 0 2 0 5 24 23 6 2 5 20 14 22 7 11 4 5 5 9
395 4 2 3 0 3 2 1 8
396 10 28 1 1 5 8 3 2 8 1 6 3 5 5 1 0 3 1 3 0
397 0 0
398 6 8 2 11 2 4 -1 7 5 6 4
399 50 8 17 10 18 38 10 13 6 11 50 17 18 7 28 8 8 18 15 18 12 6 5 13 18 5 13 1 16 28 11 8 25 9 5 8 5 10 4 4 1 2 3 4 4 35 2 3 3 4 7 24 16 13 13 18 10 -8 16
400 41
401 9 13
402 1 8 17 0 10 9 15 6 5 12 29 24 1 29 29 42 29 10 28 33 23 16 5
403 1 8 1
404 1 3 5 5 3 2 1 3 2 4 1 4
405 0 12 1
406 1 2 3 4 1 24 27 50 3 2 12 9 5 15
407 4 10 6 1 10 1 2 1 2 3 2 1 5 11 2 7 2 10
408 1 1 2 1 0 2 1 6 0 0 0 2 1 0 20 0 3 18 4 11 0 2 2
409 0 1 14 1 0 15 10 1 34 1
410 2 17 18 5 1 1 0 0 6 2 28
411 3 3 1 2 4 8 1 2 2 6 1 0 8 1 12 3 2 0 3 0 2 2 2 2 2 13
412 4 2 2 1 3 1 3 1 13 1 -1 2 2 1 2 14 2 3 1 2 1 2 1 1 1 2
413 1 1 2
414 11 12
415 0 4 2 37 2 4 3 2 4 5 3 4 5 4 28 3 22 3 15 5 4 2 5 37 0 1 5 4 3 5
416 2 1 0 0 0
417 3 10 1 8
418 23 11 7 11 11 18 8 12 6 14 10 9 2 7 5 14 24 -5 24 21 5
419 13 13 11 1 12 3 7 15 1 2 3 1 0 -5
420 13 22 20 8 1 12 68 1
421 2 15 3 18 8 2 5 15 3
422 9 1 3 1 1 2 4 3 16 1 2 1 17 15
423 1 2 5 3 11 4 11 7 3 4 13 9 15 2 2 3 1 4 3 2 2 12 2 2 2
424 11 0 -16 6 24 4 19 2 13 1 0 1 13
425 1 2 8 1 10 8 11 4 5 16 5 9 1 13 16
426 2 16 10 11 9 10 0 7 7 10 1 2 3 6 2 8 14 10
427 1 5 2 7
428 15 13 15 14 12 24 14
429 10 6 9 2 3 5 10 13 8 9 6 2 11 8 11 3 12 2 1 8 8 6 11 3 3 12 11 9 7 11 9 12
430 1 3 2 3
431 23
432 11 5 2 10 12 2 1 2 1 2 2 2 2 11 9 1 1 1
433 56 50 10 0 19 52 24 51 16 -46 35 30 58 1 28 29 30 8 26 17 42 2 49 26
434 5 0 2 1 5 6 15 8 2 3 53 11 2 50 10 16 14 5 9
435 0 1 1 2 1 2 2 4
436 17 1 21 17 5 3 0 1 12 -2 3 7 11 0 15 4 2 3 1 3 4 3 -17 5 -67 9 -74
437 1 0 1 4 1 10
438 14 15 8 14 9 6 1 2 9 10 4
439 4 15 5 24 2 4
440 1 12 2 7 22 5 5
441 5 0 3 4 4 5 1 1 1 3 3 3 3 5 2 7
442 17 13 18 20 4 16 10 4 12 11 1
443 1
444 11 24 23 2 10 7 1 18 0 2 4 16 8 6
445 2 12 61 15 26 3 10 17 5 3 14 14 13 10 5 7 25 10
446 78
447 -1 11
448 2 0 3 15 0 1
449 24 16 0 6 3 4 2 3 14 7 1 4 11 22
450 8 16 2 2 11 1 10 12 1 0 -6 3 3 12 2 1 2 4
451 2 1 8 4 10 2 2 1 20 1 21 11 1
452 23 33 29 30 39 35 28 9 34 21 29 5 36 38 12 30 19 33 32 22
453 25 29 3 2 19 3 11 8 19 19
454 33 4 26 10
455 8 12 17 32 5 9 19 16 2 5 18 8 5 17 39 6 6 3
456 0 12 4 6
457 7 10 12 0 1 1
458 2 1 1 0 3
459 1 0 2 2 2 0 4 8 3 2 6 0 1 1 8 3 1 2 1
460 10 7 1 4 2 7 1 4 12 9 12 11 3 12 3 2
461 22 8 5 3 0 0 10 16 11 1 0 7 0 11 1 12 1 1 1 11 4 15 24
462 14 9 5 1 20 6 6 11 8 2 5 6 4 2
463 5 6 11 7 4 2 5 2 2 1 8 8 4 2 1 1 10 1 9 4 5 4 10 1 11 1
464 14 1 2 2 9 2 2 9 13 3 3 4 2 41 43 3 3 3 3 4 2 3 18 9 4
465 0
466 1 2 1 1 3 0
467 2 2 0 2 15 5 14 2 2 6 10 15 38
468 0 1 0 16 4 13 12 5 9 11
469 -30
470 9 3 3
471 -41 4 9 1 6 1 4 16 1 13 15 3 3 7 1 3 16 17 14
472 2 0 1 1 0 1 5 1 5 0 1 0 0 2 1 2 2 1 2 2 2
473 17 1 2 22 1 70 13 5 1 50 25 71 19 22 2 1 11
474 10 -61 2
475 70
476 5
477 1 9 18 2 15 1 11 5 8 5 1 1 11 5 17 2 7 4
478 2 3 2 1 2 1 3 2 1 1 6 1 3 17 1
479 20 18 16 18 23 9 19 17 18 18 29 18 -8 17 17 26 17
480 10 8 21 2 0 9 3 9 6 10 2 3 4 2 1 2 15 -58 27 21 14 14 15 28 20 6 2 5 2 1 20 26 14 -70 27 8 21 0 6 -4 4 36 29
481 11 5 5 0 4 0 8 3 10 7 18 2 6 -5
482 10 1
483 10 6 0 21 4 1 3 5 1 3 2 4
484 16
485 12 0 14 0 1 2
486 27 7 16 9 1 12 89 -5
487 -65 1 1 1
488 1 26 1 1 3 1 1 26 16 23 1
489 3 4 2 28 2 1 4 3 2 3 5 2 1 0 1 1 3 0 9 0 3 2 16 3 3 4 5 2 1
490 3 18 12 40 39 1 19 2
491 3 2 36 6 3 1
492 2 6 1 1 1 1 1 2 1 2 3 2 1
493 13 4 16
494 9 4 1 1 3 8 -1 12 1 1 10 9 4 21 3 18 2 4 5 8 -69 2 6
495 9 3 0 2
496 12 1 1 2 1 0 3 0 8
497 25 10 21 7 1 1 2 18 1 5 4 4 6 26 4 2 27 6 12 0 25 3 2 2 1 4 1
498 -1 14 1 14 11 0 11 0 1 0 1 11 0 0 1 1
499 13 10 13 3 22 4
500 7 0
501 2 3 11
502 -2 -35 4 37 7 -39 2 13 21 1 29 5 53 15 22 36 10 2 19 7 10 5 1
503 1
504 2 2 1 6
505 3 0 10 3 1 1 2 1 8 3 1 13
506 12 21 10 10 12 0
507 13 10 19 9 4 1
508 11 2 3 3 5 29 11
509 9 15 13 7 16 10 15 3 11 7 12 23 12 6 1 1 1 10 11 12 2 11 1 21 6 25 2
510 1 2 2 1 4 9 1 2 1 0 2 11
511 29 26 1 4 -12 26 2
512 5
513 0 -56
514 7 5 1 1 8 8 1 1 1 1 13 1 2 1
515 1
516 1 5 4 12 14 1 1 6 4 6 0
517 2 3 4 0 1 1 10 1 4 2 1 19 1 2 2 51 1 1 1 1 4 14 3 1 4 7 44 6 11 7 2
518 2 13 8 1 1 3 0
519 7 9 7 7 8 6 11 12 7 9 9 5 9 7 9 13 7
520 3 2 1 1 2 0 2 0
521 3 5 3 4 1 1 0 1 3 3 2 3 2 1
522 3 5 1 6 2 2 4 12
523 15 1 3
524 2 5 0 4 3 2 9 3
525 2 10 6 3 2 9 5 16 15 5 1 3 39 13 14 18 3 3 10 17 15 1 2
526 24 2 1 2 18 1 3 5 11 2 2 0 6 17 50 17 16 49 16 6
527 2
528 0 3 0 7 16 15 14
529 -61 7 8 2 4 12 9 8 5 6 10 10
530 10
531 1
532 45 0 2
533 5 3 4 22 23 23 3 5 20 8 4 9 14 4 3 23 20 17 15 2 15 17
534 2 3 7 1 13 3 9 3 10 8
535 3 3 1 3 2 2
536 8 2 3 1 1 1 2 9 4 3 10 4 2 2 2 12 4
537 10 4
538 8 1 2 7 2 25 18 5 19
539 1 9 1 2 2
540 4 2 20 17 21
541 0 0 1 0 0 0 0 2 0 0 0
542 7 14
543 6 5 1 7 11 16 1 13 2 10 16 9 6
544 19 15 -69 24 16 2 0 46
545 1 6 1 1 2 5
546 2 18 27 17 1 15 2 1 2 8 13 17 -5 -5
547 2 2 0 1 1 1 1 2 2 2 0 -44 1 1 2 0 3 1 2
548 1 50 2 11 50 2 7 13 9 6 2 4 1 10 15
549 -28 50 2 35 27 13 30 7 29 4 3 20 29 38
550 40 37 28 9 2 2 21 18 0 26 25 1 1 1 20 21 48 2 37 5 -23
551 1 4 1 1 1 1
552 1 8 2 5 3 3 5 5 3 5 9 4 6 4 20 39 2 4 7 2 4 7 4
553 8 2 6 9 1 4 6 4 5
554 5 12
555 2 2
556 1
557 8 6 2 6 0 3 6
558 9 2 25
559 20 25 3 21 21
560 6 2 2 6 2 9 3 2
561 1 2 2 15 16
562 26 19 7 3 2 3
563 8 13 12 18 25 15 2 2
564 24 7 23 3 25 17 2 12 2 9 22 27 4 6 4 5 25 24 11 3 0 8 25 23
565 29 2 29 1 14 2 1 11 2 1
566 17 13 20
567 2 2 2 1 2 4 2 1 1 1 0 1 -7
568 1 3 1 1 0 2
569 14 17 25 11 9 6 4 51 25 21 8 32 25 33 6 1 4 3 1 1 1 15 17
570 40 3 6 19 10 38 7 2 21
571 11 11 9 15 4 1 8 8 8 9 11 14 1 4 2
572 2 13 1 12 15 9 0 2 13 9 1 1 3 2 1 12 13 1 1 14 16 1 1 1 1 1 0 1 2 16 7 7 15
573 4 0 9 1 4 12 3 7 99 7 1 11 1 12 0 2 1 6 10 39 2 9 3 6 8 16 2 10 10 1 1 3 2 33
574 10 3 23 9 -63 3 8 2 12 15 46 13 -64
575 32 2 3 1 2 20 2 23 12 1 19 16 15 1 3 -14 3 4 17 4 15 18 16 17 5 2 25 17 24 4 15 17 17 2 0 26 25 2 1 4 24 2 24 5 3 28 3 16 20 16 0 18 10 22
576 29 10 6 0 4 40 5 7 -5
577 2 4 2 1 1 2 2 2 1 0
578 1
579 20 8 8
580 0 2 2 6 1 22 1 1
581 16 11 29 3 29 1 34
582 17 15 3 4 1 1 1 13 8 6 2 5 27 1 9 4 11 1 40 16 47 3 1 1 58 6 1 9
583 14 0 0 6 5 0 1 5 2 10 10 6 5 8
584 2 6 1 2 0 1 0 2 1 18 10 1 26 0 1 1 2 2 3 1 2 1
585 3 1 4 23 1 26 1 15 3 3
586 2 13 4
587 7 6 1
588 8 9 11 2 8 19 12 12 12 18 5 18
589 7 1 4 3 0 13 1 12 5 3 0 0
590 5 8 18 19 11 3 12 14 17 16
591 5 6 1 5 30 1 1 0
592 5 5 4 3 8 1 3 3
593 0 1 1 5 0 11 1 0 0 1 0
594 2 4 4 3 2 9 1 1 3 3 27 3 2 4 29
595 2 55
596 1 1 5 4 11 10 20 7 16 13
597 2 14 2 0 5 4 3 22 22 2 5 29 1 28 14
598 1 7 13 6 0 8 18
599 10 12 4 2
600 1 6 1 2 1 1 0 2 0 11 3 5 2 3 2 0 2 3 1 2 1 1 2
601 10 32
602 5 10 7 0 5 6 0 7 3 9 4
603 1 1 0 4 1 2
604 4 12 4 13 2 11 5 13 11 1 9 7 2 7 26 11 22 7 10 15 20 17 15 19 17
605 1 -47
606 19 9
607 10 2 4 0 6 18 6 6 7 1 0 -2 1
608 1 1 27 5 6 33 27 27 1 1 34 1
609 4 1 1 3
610 1 14 3 1 8 4 3 1 22 1 1 1 6 9 1 3 14 1
611 23 1 1 1 1 15 1 19 1 14 0 24 3 19 16 10
612 -6
613 15 2 10 46 2 3 2 0
614 13 10 25 26 23 29 4 1 2 1 3 4 7 12
615 9 11 3 1 3 9 10 5 1 8 6 2 4 12 2 -1 4 2 4 1 1
616 3 2 10 4 3 0 2 -7
617 13 28 23 38 2 13 2 1 8 7 18 11 15 1 1
618 2 14 23 23 14 1 11 2
619 4 2 2 2 3 2 1 3 3 3 1 4 11 7 2 9 2 10
620 2 7 11 4 2 10 5 5 1 4 11 9 1 1 1 1 1 9 2
621 0 1 0 0 2 0 0 0 0 0
622 2 1 1 5 1 1 8
623 15 1 11 4 10 11 4 4 11 10 4 2 5 6 6
624 12 6 4 7 1
625 9 4 27
626 4 10 13 3 0 6 2 6 15 11 1 1 27 2
627 4 8 9 4 6 3 8 4 5 1 35 4 3 13 2 2 3 3 5 8 13 10
628 3 1
629 8 2 2 -55 2 10 3 39 7 9 6 1 6 8 9 7 1 9 2 11 3 13 22 5 3 11 3 5 3 4 28 9 4 8 6 3
630 1 29
631 2 1 27 25 15 22 0 26 15 10 18 14 3 2 3 3 6 18
632 3 9 6 18 11 1 3 15 20 42 6 6 11 12 3 11 13 12 1 3
633 3 2 3 4
634 1 14 1 17 6 13 16 10 5 3 5 2 14 5 11 3 18 18 33 13 1 4 16 6 10 19 6 5 8 -5 9 1
635 36 10 9 16 14 12 4
636 -14 -23
637 12 9 0 8 4 8 1 8 4 6 4 0 0 14 8 3 11
638 1 9 3 3 7 17 7 3 4 13 3
639 3 2 3 5 14 15 0 0 0 2
640 8 9 3 2 4
641 2 0 1 3
642 1 21
643 4 11 2 26 5 5 5 2 8 1 0 2 4 5
644 11 26 5 2 1 3 4 2 4 0 4 2 2
645 1 0 0 0 2
646 13 13 3 11 10 4 10 10 17 12 5 1 11 12 3 4 13 9 9 3 2 4 4 16 5 11 4 7 10 9 6 5 4 4 5 8 4 5 12 5 3 6
647 1 2 1 0 6 12 10 1 0 4 3 5 9 3 11
648 3 8 3 0 0 4 1 2
649 9 4 0 3 7 3 1
650 7 17 4 17 17 2 13 15 10 17 12 18 2 10 17 2 18 2 7 11 14 1 15
651 26 2 2 20 20 8
652 0 14 24 15 18 2 18 19 2 20 13 11
653 1 0 2
654 7
655 0 2 2 0 1 1 0 9 0 1 1 0 2 9 0
656 0 13 15 22 7 7 11
657 0 2 0 9 8 1 0 2 0 12 11
658 11 5 3 9 10 4 3 15 22 1 2 4 2 24 9
659 2 6 2 1 7 2 0 1 8
660 13 1 3 24 4 4 18 5 7 5 2 4 4 3 4 11 11 16 8 6 16 26 5 11 15 10 25 1 0 4 0 10 11 0 3 5 -24 28 2 7 3 4 3 1
661 22
662 2 2 1 2 5 4
663 2 19 2 15 12 2 1 13 15 12 2 12 12 11
664 14 4 6 15 1 61 13 5 11 7 4 3 29 2 10 10
665 21 20 15 15 18 4 57 3
666 3 7 1 17 7 1 2 14 9 2 7
667 0 2 12 3
668 3
669 6 12 9 16 21 5
670 9 8 2 2 13 2 2 6 12 24 2 4 9
671 21 1 3 4 10 9 9 3
672 9 1 7 2 9 2 33 13 5 0 5 6 2 1 4 4 4 5 5 2 1
673 2 2 2 5 4 5 7 19 3 2 2 11 2 1 7 3 3 1 1
674 3 1 2 0 9 1 15 -61 0
675 2 14 1 0 11 0 9 1 1 2 15 0
676 5 6
677 6 1 5 5 0 3 8 5 2 2 3 4 16 16 2 1 1 4 2 16 18 15 10 13 3 11 1 2 -62 8 10 12 15 14
678 7 3 12 1 18 1 7 5 7 10 0 8 3 8 5 2 12 1 9 4 7
679 12 0 1
680 1 1 1 5 1 4 4
681 29 11 17 1 1 15 2 4
682 2 11 2 20 9 13 -1 1 9 11
683 8 3 6 8 12 9 12 2 35 4 12 12 21 17 2 -41 -1 13 2
684 20 7 13 15 2 5
685 2 3 3 12 3 4 15 3 2
686 2 3 4 12 14 1 3 4 17 10 5 3
687 2 11 14 2 4 11 6 1 6 2 3 3 1 2 3 18 13 8 7
688 2 6 9 13 15 5 5 3 10 2 9 9 8
689 2 0 5 5 5 3 2
690 19 18 10 1 49 7 2 37 10 1 9 5 45 0 1 3 2 9 51 39 12 4 4 4
691 2 0 1 2 2 2 4 13 5
692 5 3 0 7 2 4
693 2 1 8 1 1 -62 3 3 2
694 3 8 2 2 3 4 2 2 12 4
695 18 19 5 12 13 30 16 3 25 19 2 18 11 -39
696 25 24 0 11 9 2 10 2 0 15
697 6 1 2 24 10
698 0 2 14
699 13 1 1 0 6 0 33 10 1 8 8 6 5 14 26 6 4 44 6 8
700 10 2 1 11 2
701 17 42 13 13 39 9 9 9 14 4 53 12 43 2 10 9 8
702 2 17 2 2 3 18 -16 6 18 14 1 7 28 21 8 1 19 5 21 8 13 19 30 46 9 1 6 9 17 8 18 5 5 13
703 3 10 3
704 1 2
705 11 3 11 11 10 16 4 1 3 9 2 14 9 8 22 7 3 2 4 3 0 5 9 8
706 1 0 6 2 2
707 58 12 11 -66 4 38 58 2 20
708 9 10 5 13 3
709 20 63 8 6 5 17 14 7 53 -66
710 -23
711 17 2 6
712 2 1
713 -1 6 1 1 1 3 7 1 5 3 2
714 1 1 2 0 1 1 2 1 1 2 1 1 3 2 1 3 2 0 2 3 1 2 1 2
715 2 3 17 2 5 5 14 4 9 7
716 7 10 12 12 1 6 18 1 9 9 1 10 1 2 2
717 36 3 2 3 3 17 1 12 2 13 2 16 6 17 2 2 8 5 11 8 12 7 7 0 4 0 6 6 2 9 2 1 3 3 2 1 16 7 16 18 6 11 20 19 13 -4
718 2 14 7 16 1 15 6 14 4 0 5 3 6 3 15 3
719 13 53 24 24 5 22 3 3 14 22 13 4
720 25 19 3 0
721 16 13 -2 -63
722 28 2 4 4 6 43 3 1 0
723 2
724 14 1
725 12 6 16 28 18 6 41 12 17 14 19 12 16 41 15 14 10 25 25 9 13 13 20 13 11 20 14 13 6 20 14 18 3 11 8 15
726 2 11 11
727 3 42 6 4 13 13 2 3 3 2 7
728 13 2 0
729 11 1 11 12 2 19 2 1 8
730 8 2 18 4 6 1 1 16 16 21 4 4 17 13 7 44 6 2 12 14 19 2 7 18 14 6 6 45 1 5 20 12 12 13
731 10 1 2 1 14 11 13 2 1 13
732 4 0 7 40 2 57
733 -47
734 1 3 2 2 2
735 15
736 10 6 4 12 68 33 38 0 10 2 8 15 0 17 53 2 37 35 3 1 3 7 7 6 11 19 27 12 13 19 0 16 10 42 16 0 17 44 9
737 6 5 7 2
738 12 13 18 19 38 9 0 14 2 6
739 1
740 0 0 1 0 1 1 0 0
741 17 8 3 8 3 6 1 3 3 3 9 8 10 2 4 7 12 2 10 6 5 23 7 6 7 5 3 6 11 1 7 13
742 3 5 2 10 1 1 15 13 15
743 2 6 5 2 1 1 4 3
744 6 2 1 3
745 10 24 11 10 5 5 9 5 11 11 8 5 2 2
746 8 4 2 7 2 5 1 8 9 9 32 1 -60
747 1 2 0 17 4
748 0 1
749 4 2 1 2 10 12 7 6 12 4 7 22
750 3 1 8 12 27 1 7
751 5 10 2 16 15 23 4 5 2 4 2 3 5 15 -39 4
752 8 1 14 9 14
753 2 -2 2 16 12 0 1 6 0 0 2 1 1 1 1 4 1 2 17 1 1 7 4 2 24 11 2 1 2 2 1 4 1 12 -5 2 -5 3 41
754 20 1
755 1 3 2 19 2
756 2 1 3 4 9 8 5 3 10 12 4 9
757 1 1 1 9
758 1 12 12 1 16 13 6 2 1
759 12 15 9 9 48 0 1 3 2 32 2 2 0 29 0
760 33
761 6 2 1 1 5 1 1 1 1
762 1
763 1 1
764 4 4
765 38 53 28 2 51 54 22 -29 14 10
766 1
767 19 6 4 45 8 7 11 39 3
768 2 2 3 1 0 1
769 19 16 1
770 14 13 23 8 1 -11 6 2 5 -2 20 6 2 1 19 2 2 1 6 7 6 4 4 3 8 2 1 1 2 1 2 4 3
771 1 -25 0 3 0
772 -30
773 3 1 15 11
774 11 4 14 5 6 2 3 6
775 1 0 0 4
776 31 7 8 23 31
777 2 8 4 1 5 21 2 3 48 4 6 3 21 2 2 8 9 5 11
778 7 9 13 40 12 7 6 13 9 13 13 13 3 10 21 5 2 13 15 13 10 9 6 13 7 10 20 13 11 10 5 10 2 1 10 9 5 4 1 1 8 7 9 14 11 12 11 3 5 9
779 5 2 2 5 1 1 3 1 6 29 2 1 3 3 7 5
780 8 8
781 2 4 0 4 1 3 0 3 1 2 16 0 1 1 3 3 1
782 9 1 10 2 1 0 7 10 7 11 10 3 10 10 9
783 19
784 2 -9 -68 3 6
785 24 14 17 8 -74
786 16 24 12
787 7 14 13 15 15 9 3 9
788 1
789 29 10 11 1 2 3 8 14 9 4 4 2 4 3 6 -59 3 6 4 11 4 3 27 7
790 0 1 1
791 3 2 2
792 1 14 17 19 5 21 1 4 4 18 21 18 18 14
793 2 0 0 0 1 1 1 1 1 1
794 -1 1 1 1 1
795 0 5 4 20 3 1 3 10 10 4 1 13 1 4 1 19 10 7 1 4 13 2
796 9 10 3 48 5 3 17 16 87 90 13 3 4 10 16 5 3 8 4 7 6 1 7 5 7 12 8 13 3 70 1 15 11 4 14 10 12 16 -41 2 7 2 5 -63 12 8 6 10 18 26 27 7 4 9 10 8
797 70 7 15 16 45 1 8 8 55 7 5 17 26 15 38 11 16 20 36 51 7 79 54 15 6 15 19 2 2 5 10 20 -17 15 -5 27
798 2 14 1 2 2 6 0 0 2 9 18 3 2 3
799 14 6 16 22 18 1 11 16 9 21 14 18 16 5 9 6 9 18 1
800 1 0 6 1 15 1 3 6 3
801 11 18 13 17 6 27
802 1
803 3
804 1 39 13 2 15 5 13 41
805 18 15 18 1 14 14 7 16 15 2 2 2 4 4 1 2 5 17 22 12 2 19 18 1 15 0 10 1 1 1 3 1 1 9 12 1 4 9 7
806 2 3 3 2 1 5 1 3
807 8 4 8 13 8 2 1 8 2 10 2 13 6 3 4 4 4 8
808 20 14 0 15 12 1 9 16 18 14 26 5 10 15 1 9
809 10 16
810 4 0 1 2 28 3 3 1 1 4 28
811 6
812 7
813 6
814 2 2 0 2 0 18 1 7 1 4 4 20 0 3
815 27 18 19 2 2 1 6 25 0 2 1 4 1 1 1 25 0 2 1 16 5 22 19 -4
816 2 7 17 13 1 4 20 13 31 13 13
817 1
818 6 15 15 24
819 19 15 25 2 24 13 16 46 -64 2 0
820 21 12 46 40
821 11 4 23
822 1 1 2 1 1 1
823 8 16 21 20 9 1 7 1 16
824 1 0 0 1 1 1 4 3 26 2 7 1 1 23 3 2 7 10 11 2
825 2 3 2 1 1 2 2 2 1 2 2 2 0 1 2 3 4 2 3 3 18 2 11 2
826 3 4 16 11 18 11 16 5 4 4 31 15 2 31 33
827 6 2 3 2 2 4
828 5 5 4 2 2 4
829 1 1 3 1 1 2 1 8 4 16 13 1 10 13 1 3 2 3 2 3 7 1 13 13
830 1 4 0 0 0 1 1
831 0 0 0
832 14 26 1 5 10 1 1 3 0 12 11 12 2 33 6 12 26 2 27 35 1 1 4 4 1 20 5 -4 6 4 12 2 2 17 2 4 2 4 3 3 12 24 24 19 16 6 1 14 -5 25 19 -5 1
833 2 0
834 11 18 13 14 -5
835 8 12 2 2 10 1 6 5 1 2 1
836 12 0 0 0 0 0 0 0 0 0
837 1 1 2
838 2 3 1 0 2 1 2 1 1 4 3 2 3 3 0
839 7 4 3 2 2 10 14 1 2 4
840 4 4 -61 8
841 7 7 8 0
842 13 2 5 14 2 1 3 10 12 6 9 2 3 1 8 9 1 4 10 1 11 12 11 6 1 3 2 4 3 6 4 7 10 8 7 3 1 4 6 3 4 4 6 5 5 10 9 23 24 1 2 12 13 10 9 12 3 2 15 10 8 0 12 11 22 3 9 7 3 4 2 5 2 1 6 1 12 4 16 6 1 0 1 2 7
843 2 4 1 14 3 17 14
844 3 0 7 2 11
845 0
846 1 2 7 6 4
847 13 20 19 14 3 5 3 24 11 4 3 11 23 3 19 9 3 13
848 43 1 1 2 1 11 1 1 0 3 20 10 4 12 0 1 2 0 3 1 3 6 7 2 42 21 7 10 24 10 1
849 18 10 4 2 1 2 2 2 13 18 3 8 19 1 1 8
850 2 4 6 17 5
851 14 7 14 5 13 12 7 7 14 8 6 12
852 8 1 2 30 3 1 23 5 9 20 9 4 50 10 4 3 12 4
853 18 3 0 4 8 0 1 3 3 3 3 3 4 1 19
854 2 4 5 4 4 0
855 1 9 1 1
856 4 3 3 2 3 3 2
857 8 6 2 3
858 15 4 4 7 6 11 15
859 5 11
860 7 3 11 73 9 5 6 45 2
861 1 2 -1 -1 2 4 3
862 2 2 5 5 2 12 6 4 12 6 7 4 9 2 2
863 1 5 6 1 3 2 0 5 1 1
864 6 6 3 2 16 7 3
865 18 6 3 7 2 10 1 3 7
866 2 1 1 0
867 28 13 17 12 -69
868 8
869 9 28 10 -15 26 20 21 10 17 1 18 27
870 18
871 5 2 2 60 7 8 19 8 21 10 3 5 13
872 13 8 23 21 10 13 4 3 3 7 10 10 9
873 26 8 26 34 19 3 29 11 12 34 26 24 7 5 11 24 10
874 1 1 11 16 25 10 3 3 5 1
875 3 7 4 3 12 11 4 3 4 4 8 2 11 6
876 12 4 9 6 11 1 9 5 4
877 2 5 5 5 3 6 18 2 10 17 9 6 6 2
878 10 3 54 5 6 11 2 25 1 9 2 -6 16 2
879 50 22 35 1 1 1 14 15 49 15 1
880 2 3 3
881 4 18 3 2
882 0 10 2
883 3 8 6 11 3
884 3 30 3 16 -13 9 52 60 88 4 4 93 2
885 2 4 20 2 0 1 8 1 10 13 4 2 0 3 6 5 1 6 1 1 0 1 4 7 6 1
886 1
887 2 1 1 1 2 1 2 3 1 2
888 23 16 4 4 9 1 2 10 18 11 9 7 17
889 -10 21 11
890 27 30 23 39 21 1 2 11 36 23 5 3 5 53 1 38 23 18
891 22
892 2 2 2 14 9 2 15 3 2
893 10 8 8 15 8 5 12 12 4 13 2 0 7
894 10 5 6 2 4 13 9 18 3 10 1 9 5 6 12 11 5 9 8
895 3 11 11 28 10 7 13 1 12
896 3 6 5 7 6 5 7 7 4 3 7 4
897 1 10 5 4 5 10 13
898 7 2 26
899 2 17 0
900 1 1 3 3
901 33 28 0 13 4
902 0
903 49 14 44 39 1 15 2
904 5 2 2
905 0 1 1 2 -27
906 12
907 26 14 15 4 1 2 45 40 19 1 0 13 2 1 2 2 3 15 13 0 8
908 18 15 16 15
909 6 9 9 9 3 10 10 12 2 4 3 13 3
910 1 2 0 0
911 1 0
912 2 0 4 1 1 2 3 11 8 1 4 1 1 2 1
913 2 1 10 2 8 7 14 3 2 13 4 27 2 2 15
914 9 8 8 14 2 22 11 -61 1 3 9 9
915 1 5 7 4 4 1 22 7 4 2 31 18 0 14 2
916 8 11 8 13 10 14 7 17
917 0 3 2 2
918 2 1 4 2 2 3 4 3 11 8
919 18 1 8 4 35 10 22
920 8 11 5 2 5 2 2 0 6 8 0 11 8 9 0 13 1 1 1 3 1 4 1 12 12 9 7 8 1 9 3 3
921 5 1 4 5 0 2 19 7 1 26 4 1 0 4 31 5 2 2 9 8
922 2 1 5 4 1 3 7 3 2 11 2
923 0 3 3 1 2 3 7 1 0
924 0 1 0 27
925 3 5
926 1 2
927 10 3 1 11 1 1 2 1 2 5 1
928 2 2 11 11 12 25
929 2
930 14 1 14 11 9 11 14 3 11 3 12 2 2 11 11 4 15 11 14 1
931 24
932 7 -3 25 18 21 14 10 24 5 9 4 13 7 8
933 9 13 13 22 16 14 18 13 1 5 22 3 9 12 17 -56 18 14 15 19 37 4 15 13 16 13
934 17 1 1 1 0 27 3 25 26 1
935 13 29 4
936 18 16 82 27 17 27 16 13 32 17 24 1 21
937 3 3 6 4 3 15 7 10 2 4 8 1 2 23 10 16 0
938 2
939 3 5 3 7
940 39 1 12 7 0 3 1 29 36
941 1 4 4 0
942 1 9 11 6 27 9
943 47 58 1 42 2 42 3 14 15 15 9 42 0 1 15
944 2 2 1 1 2 2 0
945 2
946 -6 1 0
947 1 2 10 12 2 2
948 1 1 2 3 11 2 1 0 2
949 0 5
950 2 5 1 9 1 1 5 17 0 19 6 7 4 3 9 8 8 10 8 8 2 10 7 10 4 1 1 16 2
951 2 1 46 6 5 50 0
952 1 10 2 16 8 17 5 18 28 26 4 4 6
953 4 0 10 11 0 0 10 11 2 5 0 0 2 5 21
954 8 2 13 22 4 10 27 12 3 12 9 4 9 4
955 -57 11 14 1 7 11 1
956 18 13
957 7 2 0 2 9 4
958 6 23 11 23 2 -3 6 1 6 1 5 3 10 2 5 3 8 22 1 1 6 1 -39 7
959 34 6 9 8
960 0 11 6 7 3 7 6 6 10 7 3
961 5 4 5 16 19 21 19 2 13 5
962 11 5 19 10 24 1 21 3 8 14 2 17 23 2 21 4 2 2 18 11 4 3 10 30 5 5 3 6 8 4 4 3 2
963 1 13 6 4 4 2 3 3 34 20 24 11 10 10 10 1 2
964 26 6 2 6 1 2 6 2 5 6 2 4 2 4 12 2 1 1 22 4 4 1 3 12 2 2 4 4 6 25 2
965 61 0
966 8 3
967 10 16 2 14 5 1 31 6 94
968 2 2 21 10
969 6 17 13 10 1 1 21 14 15 39 11 17 3 14 3 4 19 3 11 2 4 13 10 5 1 50 7 0 1 15 3 4 19 16
970 1 1 1 2
971 13 2 5 14 2 1 3 2 10 16 6 2 3 14 1 8 18 4 1 4 12 34 6 1 2 4 2 10 2 2 3 6 4 7 15 8 11 7 4 6 3 4 16 6 5 6 5 10 9 23 24 2 12 13 10 15 9 12 3 2 15 10 8 12 22 3 9 9 7 4 2 2 1 12 4 16 1 11 2 1 7
972 2 7 2 5 13 12 12 5 4 3 14 2
973 4 15 1 9 10 18 5 4 2 7 3 1 5 3 1 2 0 1 2 2 2 1 1 5 0 1
974 2 2 1 1 2 1 2 0 4 1 1 25 3 2 1
975 0 2 1 3
976 2 1 2 1 5 9 17 2 5 15 4
977 -1
978 3 2 3 1 0 1 2 0 -2 1 3 1 4 3 2 0 2 0 2 0 2
979 5
980 5 2 4 3 2 5 3 5 3 2 6 4 2 2 1 13 2 3 2 3 2 2 3 12 1 6 -56
981 0 4 12 0 1 21
982 16 16
983 5 0 1 1
984 2 7 2 9 5 9
985 1 1 3 1
986 8 15 19 32 31
987 0 1 20 0 1
988 17 -63 24 43 21 16 12 0 28 17 9 3 1 5
989 1 11
990 21 24 22 9 13
991 14 3 2 4
992 -1 -1
993 2 12 0 1 14 20 0
994 2 19 13
995 2 1 1 2 0 2 3 3 2
996 1 3 2
997 4 7 8 3 4 7 10 11 7 2 8 4 3 4 3 15 9 6 4 13 9 1 1 6 4 4 1 1 8 6 7 8 1 2
998 0 1 1 0 5 2 8 6 1 2 1
999 5 0
1000 7 3 1 1
1001 0 14 14 12 17 6
1002 1 -58
1003 16 0 1 1
1004 15 1 1 1 0 3
1005 25
1006 4
1007 14 14 2 8 3 3 22 9 3 5
1008 15 1 3 12 8 2 3 3 25 8 20 1 15 10 7 4 1 17 2 9 32 21
1009 35 12 5 18 10 8 3 2 0 13 12 18 32 21
1010 5 14 15 17 3 15 4 1 1 3 8
1011 9 1 2 2
1012 13 11 10 13 6 9 8 10 2 8 17
1013 -1 0 2 19 2 2 3 0 5 9 3 15 0 2 -1 2
1014 1 1 1 2
1015 1 2 13 0 16
1016 2 1 2
1017 0 2 2 2
1018 2 2 1 1 2 5 1 1 2 -28 3 3 4 2 2 2 2 2 4 2
1019 4 2 3 6 4 0 -11 2
1020 41 2 6 -48 1 1 2
1021 0 17 10 10 16 9 1 17 10 10 10 11
1022 6 8 6 7 1 6 11 7 12 3 53 8 4 2
1023 3 2 3
1024 12 20 11
1025 32 11 14 6 10 23 15 18 1
1026 2 6 2 4
1027 2 1 5 1 10 7 1 6 10 2 8 4 6
1028 27 4 37 47
1029 5 6 34 3 2 1 1 1 13 10 11 7
1030 0 6 2 11
1031 3 10 7 16 3 11 3 7 0 10 12 9 8 2 8 4 1 8 16 3 3
1032 5
1033 24 0 11 8 13
1034 4
1035 1 2
1036 6 9 13 12 28 13 0 13 27 5 38
1037 2 13 1 8 4 5 1 2 4 8 2 15 4 10 8 18 1 2 2 8 3
1038 1 10 17 7 9 3 22 8 2 2 2 11 23 70 13 1 8 20 2
1039 3 3 7 2 3 4 1 2 1 6 2
1040 2 18 14 9 14 18 6 31 12 33 12 17
1041 2 3 13 2 3 0 33 13 12 3 11 5
1042 3 0 2
1043 10 2 11 7 31 1 83
1044 3 3 12 2 2
1045 7 4 2 15 10 13 4 1 14 6 1 5 1 2 15 2 3 3 2 11 1 2 48 7 19 15 27 5 8 20 2 12 2 5 10 2 1 5 1 2 2 2
1046 1 1
1047 2 2 2
1048 0 16 10 34 2 1 8 35 29 4 1 37 10 40 2 1 7 34
1049 2
1050 36 9 8 1 13 3 7 12 3 1 32 4 5
1051 13 7 9 5 6 11 20 8 17 12 13 4 9 9 11 18 9 10 11 12 7
1052 2 2 3 5 4 9 8 10 0 0
1053 1 14 17 5 3 3 1
1054 3 6 15 12 14 6 2
1055 17 1 19 0 19 17 1 12 20 20 24 3 1 7 3 23 3 3 12 3
1056 1 2 73 1 0
1057 3 13 11 4 1 5
1058 3 25 4 0 4 4 1 0
1059 1 1 9 1 6 30 6 29 3 9 0 12 12 4 2 4 12 12 12 9 23
1060 18
1061 2 1 3 1 3 1 0 1 1 2 1 1 -59 2 1 2 1 1 2 4 2 8 1 2 1 5 2 2 3 2 4 5 1 1 1 4 3 2 1 1 2 1 2 4 1 1 1 4 2
1062 20 9 3 0 3 10
1063 -57
1064 16 0 2 10 -5 0
1065 0 0
1066 0 2 0 2 2 1 1 2 1 2
1067 4 21 6 30 2 28
1068 1 2 -60 1 2 2
1069 1 0 1 20 12 1 3 1 9 22 61 5 3 11 0 1 4 -5 5
1070 18 12 13 3 15 15 13 17 11
1071 2 1 1 1 2 2 1 1
1072 28 25 -19 2 9 2 6 1 5 11 7 25 10 1 -12 27 29
1073 23 16 11 1 3 12 5
1074 11 5 8 5 6 13 10 11 3 9 5 4 5 3 7 3 7 2 6 6 2 8
1075 1 4 3
1076 0
1077 -17 16 1 17 1 19 8 20 10 1 2 2 1 6 16 24 1 15 13 2 5 1 9 10 7 17 15 0 19 19 9 8 1 17 20 8 18 16 7 4 56 7 1 13 15 0 3
1078 15 1 6
1079 1 0 1 2 15 1 3 15 1
1080 0 7 16 2 12 33 9 34 6
1081 1 4 3 3 2 10 2 0 1 4 3 1 3 1 1 2 12 1
1082 8 29 16 -60 11 0 9 29 30 29 4 29 26
1083 3 1 4 3
1084 2 4 1 2 2 0 16 0 1 1 0 3 1
1085 2 4 5 1 4 2 1 6 1 1 3 2 1 2 3 2 1 2 5 1 1 1 2 4 6 3 13 8 5 3 2 6 3 9 2 3 4 4
1086 0 1 9 3 1 2
1087 2
1088 3 6 4
1089 23 2 14
1090 0
1091 35 7 2
1092 3
1093 0 1 1 9 9 1 1 4 1 12
1094 -1 -1 2 2
1095 30 9 8
1096 16 0 3 13 0 9 2 1 15 12 9 3 8 12 5 5
1097 0 26 -61
1098 5 1 1 0 1 5 1 1 1 0 1 2 3 0 11 3
1099 1 1 2 2 4 3 2 3 3 11 2 2 2 1 2 2 2
1100 2 10
1101 7 6
1102 0 2 1 1 3 0
1103 11 17 8 8
1104 9 15 13
1105 2 2 0 9 1 10 1 8 2
1106 1 2 4 1 3 1 13 6 7 2 12 9 2 2 2 5 1 1
1107 6 1 6 14 8 7 8 3
1108 10 9 10 10 10 14 10 12 19 1 12 9 11 10
1109 4 5 1 2 3 2 4 4 4 1 1 7 29 2 3 2 26 2 3 -57 -67
1110 3 1 1 2 1 7 1 1
1111 13 5 11 12 17 3 1 4 1 10 19 3 4 6 2 8 8
1112 1 3 6 1 6 7 1 8 8 2 6 7 18 8
1113 14 14 5 5 0 11 0 0 4
1114 3
1115 1 1 1 1 1 1 0 2 2 1 1
1116 -60 -2 30 29 -60 -60 10 3 -55 2 5 5 5 13 15 8 11 29 3 3 1 8 11 16 1 2 3
1117 4 0 1 0 2 4
1118 11 0 0 13 16 10 11 -1 -1
1119 3 9 10 21 9 13 15 3 21 2 2 3 4 10
1120 1 1 12 12
1121 16 10 18 16
1122 7 11 3 41
1123 18 33 2 3 70 100
1124 1 1 9 0 8 18 11 0 7 5 7 3 14 11 2 10 15 2 8 1 2 20 3 0 19 17 10 7 2 4 0 10 18 1 9 9 14 6
1125 2 16 2 6 2 8 6 5
1126 6 14 26 13 15 13 11 21 10 11 9 9 12 15 2 2 3 17 5 4 2 3 2 5 5 21 2 12 11 14 25
1127 11 4 1 12 4
1128 11 13 16 1 4 0 16 14 17 3 10 2 9
1129 1 5 1 2
1130 8 6 8
1131 16 21 7 5 15 17 9 3 30 13 9 8 4 6 20 17 9 7 10 3 17 4 4 8 21 3
1132 14 3 8 1 3 8 7 4 9 4 3 4 1 33
1133 0
1134 0 41 46 3 7 11 4 7 5 41 0 9 3 11 13 1 2 1 4 7
1135 24 24 12
1136 12 2 0 2
1137 4
1138 0 18 2
1139 7 7 7 2 7 8 5 8
1140 12 0 8 2 12 0 1
1141 4 1 2 -59 4 1 2
1142 5 27 27 18 26 14 14 21 14 4 10 3 12 13 6 21 7 16 28 28 1 3 5 7 0
1143 7 10 7 21 0 21 6 39 -17 9 9 11 10 14 29 9 6 0 5 58 21 8 16 2
1144 11 18 1 0
1145 0 2 2 2 0 1 0 1
1146 2 10 2 7 9 9 2 18 2 2 2 17 2 4 1 3 3 3 2
1147 27 18 -2 5 1 4 13 18 1 3 -1
1148 8 9 9 5 19 4 8 1 2 8 1 1 3 1 3 1 1 1 13 8 4 1 1 2 1 1 1 10 1 4 1 1 2 9 4 6 9 3 4 3 3 1 1 1 10 1 1 6 10
1149 31 22 2 2 9 2 2 22 1 2 5 2 2 4 7 1 2 5 1 4 3 5 3 4 1 0 1 1 2 1 3 4 6 4 2 3 7 5 24 9 13 5 23 -21 22 5 1 9 22 2 1
1150 2 3 3 5 5 -1 3 1
1151 9 14 2 6 13 15 10 13 11 8
1152 0 1 8 1 12 1 25 17 6 17 6 2 12 26 18 0
1153 21
1154 0 31
1155 22 13 1 1 -47 40 0 20 12 13 5 7 8 11 1 2
1156 8 7
1157 16 0 3 2 -39 6 4 5 5 4 4 2 6
1158 0 1 9 13 15 16 12 10 1 12 1
1159 3 12 6 1 2 5 4 67 54 2 54 2 18 10 4 9
1160 3 1 1 2
1161 58 56 54 11 56 2 52 4 59 10 24 6 -73 -46 -5
1162 16 11 0 0
1163 7 7 45 9 18 8 12 9 14 12 1 3 3 40 17
1164 12 8 7
1165 1 2 2 1 3 4
1166 8 5 12 1 2 2 6
1167 0 0
1168 8 7 4 2 6 11 4 1 8 15 4 4 1 3 2
1169 11 6 -48 8 28 40 3
1170 10 17
1171 10 4 6 15 3 0 12 0 12 12 18
1172 1 14 13 16 1 25 15 12 1
1173 2 3 40 3 4 9 6 3 9 2 3 5
1174 0 1 6 2 17 1 1 2 3 1 13 22 3 18
1175 2 3 2 1 -27 1 2 2 10 6 2 9 8 11 3 3 1 4 4 7 2
1176 3 1 7 9 0 1 0 5 1 1 4 -1 2 4 15 2 1 2 2 2
1177 4 4 4 9 4 5 7 9 37
1178 7 2 5 0 2 2 2 7 0 5 18 2 3 6 1 2 9 2
1179 3 7 19 10 11 8 13 10 22 1 4
1180 1 1 8 2 3 2 3 3 4 3 1 2 5 1
1181 0
1182 15
1183 0 0 1 0 0 0 0
1184 3 3 2
1185 22 10 13 14 3 2 19 6 11 19 26 24 12 28 2 20 29 12 18 25 22 22 23 4 4 4 2 3 2 21 27 4 3 15 3 4
1186 1 0 5 12 12
1187 2 3
1188 21 27 3 1 7 13 1 2 10 126
1189 6 1 5 11 8 8 7 9 4 2 4 3 1 11 2 4 4 1 53
1190 4 5 5 35 1 3 5 8 14 21 11 37 11 5 22 41 23 23 36 20 7 4
1191 31 3 26
1192 0 0 0 0 0 0 0 0 0
1193 21 1 1 1 2
1194 3 3 3 3 1 2 12
1195 1 1 1 3 1 5 5 3
1196 -48 47 2 29 28
1197 12 10
1198 3 2 9 25 25 -27 8 0 3 23
1199 23 19 15 19 9
1200 2 2 1 1 11 0 2
1201 2 3 16 37 12 9 14 3 24 22 34 3 18 20 7 10 11 3 8 11 11 11 24 12 4
1202 0 2 0
1203 5 6 3 5 8 3 9 5 4 3 2 12 1 10 10 2 1 1 1 11 3 1 2 2 10 1 6 2 2 2 6 9
1204 11 13 20
1205 1 1 1 12
1206 5 0 0 1 16 0 3 9 4 37 103 0 0 35 6
1207 10 6
1208 6 18 4 18 10 6 30
1209 0 8 2 0 1 13 4 3 1 3 1 16 1 14
1210 0 0 4 4 1 1 -69
1211 2 1 7 4 2 2 6 9
1212 1 1
1213 1 2 1 2 1 2 2 11
1214 5 15 9 9 2 15 4 3
1215 1 0 3 35 1 2 14 1 2 2 12 4 -52 7 3 2 6 1
1216 0 21 1 2 10
1217 3 1 1 4 3 9 20 6
1218 -3 0 3 4 4 5 1 0 4 0 3 5
1219 1 1 1 10 1 1 2
1220 4 4 2 2 4 3 15 4 4 7
1221 13 4 3 28 13 1 0
1222 13 32 -1 50 20 16
1223 3 4 7 4 2 5 5
1224 0 11 2 9 0 11
1225 6 29 19 10
1226 1 16 1 3 8 5 14 7 2 1 6 1 8 11 13 1
1227 4 1 5 8 10 19 10 22 3 1 12 15 21 2
1228 3 1 1 9 1
1229 1 2 1
1230 18 11 1 10 50 7 1 3 2 1 3
1231 12 3 1 8 4 8 1 22 2
1232 0
1233 2
1234 105 14 10 7 9 28 17 105 8 16 12 8 10 12 141
1235 1 2 2 2 1
1236 1 1 0 0 1 0 1 1
1237 2 28 12 3
1238 45 10 3 1 1 20 3
1239 3 28 8 5 1 18 19 5 8 18
1240 22 3 20 6
1241 4 3 2 10
1242 1 1 -51 1
1243 13 18 7 9 11 11 2 3 6 3
1244 7 14 11 2 1 1 15 2 11 1 1 3 10 11 2 18 4 2 5 4 2 14 5
1245 6 7 4 2 1 1 4
1246 10 2 4 2 25 3 6 2 1 17 2
1247 2 3 6 1 1 2 2 2 8 2 5 1 4 2
1248 7 11 4 10 10 2 7 9 11 4 2 2 11 3 7 1 1 1 2 9
1249 1 0 -1 2 2
1250 2 1 1 19 1 6 1 1 6
1251 1 2 6 1 6 6 3 1 1 6
1252 2 1 1 2 1 1 2 2 1 2
1253 3 2 1 3 2 5
1254 11 16 2 2 1 0 4 22
1255 2 1 8 7
1256 15 0 -5 -63
1257 17 4 11 13 13 17
1258 3 1
1259 2 8 6 3 10 2 8 6 4 5 8 4 9 22 3 8 4 5 6 4 3 8 3 5 8 8 29 10 1
1260 2 1 13 1 1 0 -39 13 3 2 2 9 3 3 2 1 1 2 10 1 2 2 9 12 3 -51 1
1261 1 2
1262 -1
1263 11 7 6 15 10 12 8 6 22 6 8 3 4 6 7 9 12 36 10 2 9 35 6 17 9 6 12 4 9 56 10 10 5 15 2 8 4 30 28 7 7 18 26 28 30 12 6 6
1264 8
1265 26 1 -61 9
1266 2
1267 9 10 0 14 36
1268 10 7 11 17 3 18 21 17
1269 1 12
1270 -1 19 0 6 2 5
1271 29 2 3 3 2 1 0 18 2 2 6 9 4 2 3 3 -13 7
1272 11 6 14 5 2 4 11 7 2 8 3 3 3 5 4 2 4 1 2 2 2 4 4 9
1273 13 0 6 8 2 2 18 2 13
1274 9 8 21 33 26 10 9 15 7 1
1275 3
1276 12 4 36 2
1277 0 0 3 9 18
1278 7 8 -7 2 2 3 6 8 2 2 1 10 5 16 3 18 22 3 4 0 2 4 1 3 1 2
1279 3 6 2 2 1
1280 2 1 5 -55 12 11 20 3 0 24 2 1 1 7 2 5
1281 19 11 20 9 0 16 10 6 32 2 44 1 38 23 1 4 1 1 3 10 11 45 40 0 1
1282 63 11 5 3 5 11 11 59 2 11 4 4 9 14
1283 2 1 6 10 1 0 8 16 11
1284 1 1 1
1285 40 29
1286 -8 1 22
1287 21 26 12 19 26 26 33 8 31 5 31 7 21 19 26 4 0 19 6 0 4 42 1 9 34 42 4 8 22 24 13
1288 3 2 14
1289 4 2 4 5 5 8 5 1 -61 1 10
1290 3 4 6 7
1291 7 23 11
1292 3 6 7 6
1293 3 17 2 2 1 1 3 1 11 3 40 2 29 1 10 7 2
1294 8 5 6 3 5 2 3 3 3 3 4 3 5 -61 -54
1295 1 4 2 58 1 2 2 17
1296 2 16 1 0
1297 0 -47
1298 18 3 15 14 0 8 5 11 9 12 10 4
1299 2 7
1300 1 2 10 1
1301 6 2 2 9 1
1302 4 0 4
1303 2 0 21 6
1304 2 2
1305 6 5 -3 3 2 1 2 0 10 11 7 1 17 9 1 3 2 1 3 3 8
1306 4 10 12 7 5 3 1 14 3 8 1 14 1 0 4 3 2 1 1 2 1 49 1 29
1307 3 2 6 3 6 3 0 14 3 4 3 3 -6
1308 16 13 2
1309 0 1 9 1 31 3 9 9
1310 1 15 11 5 40 0 13 6 1 11 9
1311 0 0
1312 3 4 1 4 3 1 1
1313 4 4 8 1 11 4 1 12 1 9 11 2 18 1 4 8 1 0 11 12 0 3 6 11 5 1 2 9 9
1314 1 7 8 4 1 3 1 1 1 11
1315 11 19 13 17 121 0 -70 15 11 16 26
1316 13 1
1317 8 21 5 24 2 1 4 1 2 1 11 10 4 17 6 11 17 3 3 17 7 3 1 6 24
1318 2 2 5 -2 3 1 -2 1 3 3 3 3 2 3 3 4 2 5 2 2 2
1319 6 4 1 3 5 7 3 7
1320 1 1 10 3 4 10
1321 6 2 16 13 10 50 12 13 16 35 11 2 14 18 25 8 3 9
1322 0 0 0
1323 21 1 2
1324 35 5 41 40 34 30 10 6 27 8 1 20 20 7 4 24 3 7 5 5 2 9 24 35 9 17 0
1325 1 7 8 4 2 11 1 2 8 4 3 0 0 13 2 2 1 12
1326 10 4 24
1327 11 4 4 8 4 8 1 5 9 9 2 12 11
1328 4 0 2 18 7 5 4 8 2 3 8 6 6 18 11 8 1 6
1329 2 3 1 4 2 9 16 4 10 2 12 18 16 5 13 20 5 4 3 24 19 18 2 2 3 2 5 2 9
1330 1 2 3 5 2 7 4
1331 5 2 9 12 1 8 0 13 6 2 5 3 1 28 20 2 21 19 2 4 1 1
1332 0 0 40 11 9 9
1333 13 10 18 11 5 5 9 26 5 3 -51 8 15 9
1334 26 0 1 20
1335 8 13 1 7 3 9 26 5 3 11 10 6 2 5 7 10 4 8 2 1 7 0 28 3 5 7 4 31 29 4 11 1 2 4 6 22 1 2 3 2 3 7 2
1336 16 24 21 12 4 3 5 7 14 10
1337 1
1338 6 3 5 2 4 2 1 5 -68 2 1 9 2 2 3 14 6 20 9 9
1339 20 3 28 4 1 0 2 0 14 23 22 30
1340 26 8 23 0 -8
1341 1
1342 4 23 5 2 10 1 5 8 26 24 16 23
1343 18 6 16 17 0 1 2 2 12 0 4 8 9 1 10 0 18 8 17 6 7 19 12 4 13 3 1 8 -27 2 12 2 3
1344 1 4 2 5 2 19 0 19
1345 10 9 4 8 2 4 4 2 19 5 9
1346 9 12 1 0 21
1347 6 8 4 2 -5
1348 1
1349 0 0 1 1 0 1 4
1350 11 4 3 15 8 2 10 4 3 2 3 10 25 -68 9 10 8 7 7 13 2 11
1351 2 3 4 3 2 1 2 14 7 13 1 1 4 2 1 2
1352 4 1 1 2 0 2 11 5 8 3 3 5 10 4 2 5 5 6 29
1353 -1 12 -16 0 0 4
1354 9 18 1 0
1355 11 1 6 3 2 14 3
1356 3 16 1 18 2
1357 16 7 6 15
1358 0 6 -2 2 0 0 0 6 2 1 1 4 0 1 0 2 1 3 3 3 1 4 0 0 6 3 1
1359 18 2 3 1 6 4 14 2 6 6 17 20
1360 3 2 1 1 2 21 4 3 14 2 1 20 5 11 3 13 14 11 2 5 7
1361 3 11 2 1 38 2 14 1 4 25 9 3 9 2 2 3 6 13 9 5 4 3
1362 12 2 17 1 1
1363 9 10 6 10 31 16 0 0 4 4 1 17 6 8 12 0 7 26 7 14 9 9 1 17 6 3 7 6 17 1 9 14 7 7 9 17 2 14 14 13 8 -5 6 19 13 14 14 13
1364 2 1
1365 2 17 7 2 2 1 1 3 2 3 1 15 1 1 2 1 4 2 3 1 2 2 3 1 2 1
1366 10 6 8 7 10 9 10 9 9 10 9 7 3 9 9 8 9 9 6 3 8 9 9
1367 0 1 3 5 1 3 5 1 2 4 3 4 1 1 -11 4 1 2 1 1 3 2 3 2 3 5 2 2 3 2 3 1 4 5 2 2 2 1 4 4 2 2 2 4 -74 7
1368 4 1 14
1369 1 2 14 1 7 5 2 2 2 3 11 11 4 1 1
1370 5 6 6 5 1 4 2
1371 2 19
1372 2 46 29 5 13 19 10
1373 8 3 6 27 1
1374 2 14 14 1 14 6 4
1375 4 18 4 2 13 2 7 4 4 8 3 12 16 2 4 15 2 8 2
1376 1
1377 1 8 4 2 10 10 1 7 3 2 6 2 3 1 2 43 2
1378 10 20 10 2 7 11 7 5 12 6 8 8 3 5 8 8 12 9 8 8 6 7 4 7 4 9 22 2
1379 1 1
1380 2 2 5 4 12 4 1 2 19 1 9 13 0 4 1 1 0 3 8 2
1381 1 14 2 16 1 15 2
1382 11 10 26 6 30 38 33 45 35 9 25 9 6 5 5 41 13 38 9 10 6 11
1383 51 51 21
1384 1 4 0 1 1 2 2 1 7 0 2 1 3 1 2 2 7 1
1385 2 9 1 1 13 9
1386 13 8 6 16 7 11 3 9 7 1 10 15 12 14 7 9 2 1 10 10 16 6 5 5 3 2 1 17 8 11 4 3
1387 2 11
1388 -26 12 2 13 14
1389 20 3 2
1390 4 10 10
1391 2 4 0 23 14
1392 0 6 1 7 3 2 2 2
1393 15 20 11 22 18 21 4 18 3 4 2 2 25 4 5 16 5 4 2
1394 2
1395 3
1396 1 6 34 1 8 0 -61 12 13 2 11 4 2 -4 6
1397 3 8 11 2 5 1 1 0 1 9 6 4 3 4 5 4 11 0 1 6 4 22
1398 14 2 5 4 0 2 3 2 13 3 15
1399 3
1400 1 1 4 3 2 11 12 1
1401 3 3 35 1 6 3 1 2 2 1 2
1402 2 3 1 4 1 4
1403 7 3 3 2 2 2 3 8 8
1404 3 -57 4 11 9 7 3 3 5 3 6 3 3 2 2 2 5 0 0 8 -11 12
1405 3 4 2 5 6 11 13 44 11
1406 19 11 7 -1 23 15 15
1407 2
1408 3 1 26 2 11 26 4 2 8
1409 1 9 3 1 3 1 13 3 2 2 1
1410 7 7 1
1411 2 2 15 1 1 2 1 2 5
1412 1 1 1
1413 6 2 14 11 33 14 8 1 5 9 4 18 6 18
1414 0
1415 8 30 0 9 15 2 10 4 4 6
1416 1 0 27 15 17 13 19 21 10
1417 17 13 17 12 15 13 33
1418 0 10 1 14 1 1 9 8 0 1 8 18 2 15
1419 5 61 2 4 3 -24 1 18 35 35
1420 1 2
1421 4 6 3
1422 8 -55 36 2 11 3 5 7 7 22 43 4 10 1 16 11 15 2 2 9 10 2 4 7 7 20 8
1423 9 18 9 17 16 20 11 4 12 20 14 9
1424 -16 9 6 4
1425 9 2 10 7 3 3 1 5 6 3 2 7 2 3 6 2 4 2 15 4 9 5 6 1 3 1 4 2 7 2 3 2 2 2 3 3 1 3 2 8 5
1426 3 3 4 2 4 1 2 12 3 2 1 3 1 -26 2
1427 14 5 5 9 5 21 10 5 18 21 21 15 4 17 37 20 13 8 9 14 11 22 13 9 19 16 13 17 17 4 9 14 21 11 32 3
1428 5 2 2
1429 8 8 2 0 3 13 15 24 1 11 11 24 0
1430 1 1 -51 1
1431 7 1 2 1 9 1 2 9 1 1
1432 1 8 1 3 0 6 5 3 11 0 2 2
1433 16 5 3 13 1 6 3 24
1434 3 0 2 28 6
1435 4 16 2 9
1436 10 3 8 8 9 1 3 2 0
1437 2 3 6 1 17 6 4 1 8 2 4 4
1438 1 3 3 3 5
1439 5 8 10 -3 8 1 2 43 6 4 8 24 4 10 2 14 13 0 6 11 8 3 15
1440 4 16 1 10 10 10 20 1 5 1 5 4 -7
1441 5 3 17 4
1442 6 1 14 2 14 6 7 9 10 14 3 3 1 3 3 13 9 4
1443 32 1
1444 17 10 7 29 13
1445 13 3 1 3 6 18 18 9 13 0 21 26 30 8
1446 2 2 0
1447 14 12 5 16 64 2 10 4 13 14 3 12 7 13 19 19
1448 1 3 1 1 3 1 3 2
1449 2
1450 29 5 17 28 30 4 3 -1 2 0 0 6 1 6 -1 5 0 12 -63 8 15 8 6 6 12 -1 8 6 8 4 -1 3 6 13 3 5 25 13 0 1 0 3 10 9 0 0 5 0 4 3 5
1451 0 9
1452 0 0 0 3
1453 2 0 9 0 1
1454 2 10 18 3 1 12
1455 2 12 2 5 12 1 19 3 1 0 1 1 0 3 2 3 2 4
1456 16 9 4 6 4
1457 2 1
1458 0 3 3 5 6
1459 0 1 0 1 0 0 1 0 0
1460 2 1 2
1461 -61 17 5 9 43 15 45 0 4 4 54
1462 6 7 17 12
1463 0
1464 2 6 10 8 1 2 11 7 1 3 10 1 6 7 6 3
1465 67 2
1466 8 17 10 7 -7 18 -5
1467 3
1468 2 3 3 3 5 2 1 1 1 10
1469 4 1 3 1 4 4
1470 1 1 1 11 16 2 2 2 18 1 0 1 7 6 9 1 1
1471 3 2
1472 1
1473 9 3 5 29 11 1 0 7 0 11 6 7 6 7 8 5 12 7 9 6 8 4 11 11 3 10 4 1 3 11 3 -70 4
1474 1 13 15 6 15
1475 2 2 17 1 17 0 3
1476 12 1 -1
1477 2 23 1 5 8 -38 9 2 15 1 0
1478 8 2 14 7 3 4 5 11 20 25 11 3 3 7 5 0 6 9 1
1479 4 4 2
1480 9 20 28 19 2 6 14
1481 1 1 1 0
1482 11 4 6 9 2 1 18 25 -1 11 1 6 1 3
1483 5 10
1484 0 13
1485 55
1486 6 21 1
1487 9 0 8 16 12 7 10 9 3 9 3 10 12 9 4
1488 23 4 69 40 27 4 6 3 3 44 5
1489 3
1490 10 4 3 10 3 3 10 0 2
1491 1 2 1 22 25 23 29 13
1492 7 0 8 14 6 3 17 0 14 7 14 1 14
1493 9 2
1494 1 1 0 0 5 0 2
1495 2 24 13 4 2 12 16 11
1496 20 3 23 3 11 30 2 19 13 23 20 25
1497 5 7 14 17 3 26 19 18 15 15 9 1 17 19 14 17 32 2 8 -5 9
1498 2 11 7 7 7 1 2 6 1 15 10 7
1499 4
1500 -47
1501 3 1 3 4 5 8 4 1 2 1 2 1 2 3 10 3
1502 22 37 28 26 17 23 19 6 30 18 22 2 104
1503 1
1504 2 1 9 1 4 1 1 3 4 1 1 3 2 1 1 1 -17 3
1505 1 2 2 2 2 1 0 3
1506 19 2 5 2 1 9 1 -66 18 5
1507 1 1 6 1 1
1508 29 31 12 0 3 16 6 11 5 10 13
1509 7 3
1510 41 15 35
1511 34 15
1512 16 0 2 13 0
1513 12 14 9
1514 0 1
1515 7 10 1 13 2 14 2 1
1516 1 6 2 1 0 6 1 13
1517 1 4
1518 11 2 1 9 28 22 1 15 10 11 1 5 8 7 27 3 3 4 39
1519 0 0 1 -1
1520 7 13 10 2 1
1521 0 3 0 14 7 30
1522 17 0 15 7 10 12 0 11 3 3 31 16 1 1
1523 0 2 -3 12 11 5 7 9
1524 4 1 -5 14 14
1525 2 6
1526 4 1 8 16
1527 9 0 0 2 6 14 6 0 0 72 20 14
1528 1 12
1529 9 2
1530 10 1 14 2
1531 2 8 12 8
1532 10 8 20 29 37 4 2
1533 15 18 29 26 41 22 20 23 10 9 26
1534 7
1535 20 13 1 12 1 9 9 7 2 5 8 5 2 59 10 8 11 17 6 1 12 17 12 6 18 18 3 11 4 6 11 11
1536 13
1537 1 1 0 0 5 0 10 2 3 3 1 8 2 8 2 3 6 2 8 2
1538 0 19 2 1 14 8 5 11 8
1539 5
1540 1 6
1541 1 6 2 11 1 2
1542 8 11 26 5 10
1543 13 0 5 1
1544 2 3 14
1545 3 2 12 4 17 0 2 2 13 1 2 7 5 3 10 2 4 3
1546 3 2 1 2
1547 3 22 4 35
1548 2 9 6 8 1 7 3 1 8 1 25 5 7 1 11 1 9 3 6 8 3 9 15
1549 1 8
1550 12 11 12 13 12
1551 26 2 5 4 1 2 14 1 2
1552 9
1553 2 2 1 27 1
1554 3 2
1555 1 21 27 26 12 -16 7 15 10 36 16 25
1556 5 5 1 2 12
1557 7 5 2 7 6 6 6 5 -13
1558 12 7 15 8 11 7 18 49 9 4 1 4 5 2 7 5 0
1559 1 1 16 2 3
1560 1 1 19
1561 26 2 13
1562 -68 4 9 7 5 5 5 14 4 -67
1563 1 1 2 2 40 1 1 1 13 1 1 4 15 -74
1564 8 4 2 1
1565 1 11 1 19 16 12 13 23 3 29
1566 2
1567 13
1568 5 18 12 5 2 2 6 3 2 18
1569 1 9 5 11 8 7 29 9 12 7 26 11 3 14 26 5 19 9 23 17 9 13 8 8 25 7 21 16 11 24 18 14 20
1570 2
1571 1 10 4 14 11 4 7
1572 2 1
1573 8
1574 18 12 33 31 27 16 30 0 17 27 32 17 28 21 2 104
1575 7 3 6 2 18 34 14 4 17 26 13 12 8 11 2 2
1576 0 -1 1 -1 8 -1 11
1577 7 21 11 7 17 7 11 17 8 2 3 22 12 19 21 -5
1578 6
1579 1
1580 11 15 18 51 6 1 4 39 11 2 4 2 5 10 11 1 13
1581 8 21 1
1582 0 14 4 3
1583 -34 -31
1584 1 0 2
1585 19 20
1586 1 2 4
1587 2 4 14 3 4 17 10 5 3 0
1588 4 1 3 4 31 2 3 4 2 1 5 7 5 2
1589 34 52 9 36
1590 7 9 5 6 11 20 17 13 9 18 9 11 0
1591 18 4 5 0 3 3 3 3
1592 2 0 4 0 6 13 8 7 1 2 -2 8 -61 3 1
1593 4 6 5 3 4 7 6 4 1 4 8 3 5 7 1
1594 0 10 2 4 3 1 2 2 2 2 7 42 7 2
1595 4 0 1 9
1596 15 1 3 4 6 8 9 22 6 1
1597 4 2 1 10 2 0 3 0 2 3 3 2
1598 0
1599 1 4 1 2 5 44
1600 19 24
1601 0 1 0 0
1602 8 3 2 3 1 1 1
1603 5 10 9 1 1
1604 11 6 10 0 1 13 1 1 6 2 9 0 1 3 4 1 12 1 1 1 1 0 3 3 1
1605 1 1 3 16 1 15 35 0 1 0 1 1 11 -5 3 10
1606 1 2 5 12 1 1 1 8 7 0 3 3 5
1607 1 1 2
1608 0 2
1609 0 22 34 32 1
1610 66
1611 0 4 4 5 12 3
1612 1
1613 8 1 5 14 18 2 5 5 1 12 7 5 9 8 7 16 7 4 7 3 1 8 9 2 2 0 2 4 28 5
1614 45 16 38
1615 25 13 9 8 7 6 8 8 3 6 6 9 3 3 13
1616 1 2
1617 14 11 18 14 7 6 17 11
1618 2 1
1619 7 22 0 -49 19 1
1620 1 0 2 0 1 1 0 6 15
1621 9 1 0 22 2 10 3 1 3 21 37 5 34 36 27
1622 8 9 2 4 1 3 14 1 35 4
1623 2 0 0 0 -36
1624 1 1 1 0 6 1 10 2 0 1
1625 0 2 1 2
1626 10
1627 14 1 12 2 14 3
1628 0 13 0 4 0 1 2 0 4 2 12 12
1629 7
1630 23
1631 14 5 4 24 17
1632 7 18 0 10 0 2 20 7 1 20 21 14 6 10 9 7 14 23 12 16 6 21 5 9 21 4 -18 7
1633 5 16 12 18 1 6 5 14 6 2
1634 2 3 0 3 3 3 7 2
1635 1 0
1636 8 8 1 0 3 10 14 10 23 1 7 16 2 1 11 8
1637 10 1 1 14
1638 3 6 9 4 6 5 6 7 5 7 1 4 6 8
1639 1 3
1640 3 1 1 3 1 1 1 10 34 7 8 3
1641 8 4 3 5 8 2 1 3 3
1642 4
1643 13 6 8 12 4 22 6 8 11 6 23 2 14 8 18 18 8 15 10 20 23 13
1644 6 1 1 2 1 10 3 6 20 5 9
1645 10 1 6 2 1
1646 8 3 9 5
1647 5 3 4 3
1648 0 2 3 2 6 13 5 1 11 2 1 3 5
1649 3 2
1650 4 7 0 2 3 1 10 9 1 25 28 0 7
1651 2 4 0 13 14
1652 23 25 13 2 23 10 3 2 3
1653 5 16 8 2 12 5 15 -7
1654 9 3 7 29 24 1 9 8 1 1 2
1655 2 1 4 10 11 15 7 9 6 12 1 2 0 3 2 0 4 2
1656 3 4
1657 41 15 1 24 2
1658 5 -1 1
1659 4 3 6 20 4 1 10 1 3 9 2 1 4
1660 7 0 2 3 4 10 0 4 18 3 6 -18 3 5 -13
1661 3 2 2 2 11 8 10 9 8 9 1 3 2 4
1662 8 29 7 5 6 2 11 5 5 2 7 16 3 6 12 1 3 1 3 2 26 4 3 29 12
1663 2 1 1 35
1664 9 17
1665 9 6
1666 2 0
1667 1 4 1 1 4
1668 12 6 1 6
1669 3 9
1670 5 1 17 2 7 2 5 8 25 10 10 12 4 13 9 2 3 3 2
1671 24 6 30 10 -4 18 6
1672 20 13 3 5 3 7 12 13 8 13 7 4 1 7 3 3 4 5 6 1 1 4 20 7 3
1673 18 10 15 28 5 0 5 2 6 1 14 8 18 13
1674 7 6 5 5 12 2 2 3 1 1 4 8
1675 11 6 2 7 1 21 4 7 14 6 6 7 4 7
1676 28 3 4 7 15 5
1677 1 9 1 3 6 2 9 3 3 5
1678 52 59 22 17 -1 59
1679 5 5 18 3
1680 5 3 11 2 11 2 1 2 4 5 7 1 2 18 19 20 2 7 4 5 5 4
1681 0 36 1 8 0 1 0 8
1682 1
1683 93 104 54 11 78 73 19 12
1684 1 0 4 5 8 16 11 11 3 12 18 5 37 4
1685 24 15 40
1686 1 7 0 7 6
1687 6 2 3 3 0 3 2 3 3 3 3 3 2
1688 7 8 8 4
1689 16 14 9 11 12 15 9 0 9
1690 1 10 2 5 1 0 19 9 8 20 16 7 0 4 3
1691 3 9 2 1 6 6 1 3 16 7 6 2 27 25 7 1 2 2 1 6 4
1692 9 5 1 14 4 3
1693 3 3 1
1694 1
1695 4 5 3 9 7 11 11 2 2 7 3 28 7 3 5 1 7 4 3 8 4 2 2 4 7
1696 2 48
1697 3 7 6 2 3 11 5 10 11 2 9 3 10 2 13 3 7 2 2 2 12 2 2 4 1 8
1698 10 8 9 11 8 1 3 11 11 1 18 5 18 1 2 1 8 7
1699 2 8 1 10
1700 2 7 3 2 2 3 2 4
1701 13 4 1
1702 0 58 27 7 68 66 2
1703 9 4 2 7 6 5 5 6 1 6
1704 7 19 18 19 15 11 11 11 18 11 23 12 19 7 24 8 4
1705 4 2 -10 4 3
1706 1 1 9 2 7 2 3 1 2 5 1 6 7 1
1707 9 0
1708 14 24 2 1 0 3
1709 5 3 2 4 17 7 12 8 13 16 1 2 6
1710 2 2 0 5
1711 25 14 10 6 12 17 10 25 11 8
1712 1
1713 17 4 4 1 3 2 1 2 22
1714 3 11 2 1 5 4 3 3 -59
1715 9 2 1 5 2 0 8 -6 1 3 3 3 1 2 8
1716 2 1 54 8
1717 1 8 0 1 2 1 1 2 2 3 2 2 2
1718 1 1 0 0 0 1 -1
1719 7 8 21 1 7 3 4 4 0 4 3 8 3
1720 0 19 21
1721 9
1722 0 1 0 2
1723 1 10 9 3 8 4 16 10 2
1724 2 1 2 1 1 2 2 1 1 3 3 4
1725 0 6
1726 1 2 2 1 1
1727 39 18 8 19 16 22 17 8 32 32
1728 18 10 10 13 11 10 9 2 9 2 9 0
1729 1 3 9 3 1
1730 3 36 3 20 1 0 1 1 0 4 4 2 0 -59 2 20 1 2 3
1731 10 17 1 -45 7 2 5 1 3 5 6 -48
1732 0
1733 24
1734 1
1735 19 6 19 20 20 2 1
1736 16 16 7 -5
1737 0 33
1738 3 20 2 14 8 1 1 3 20 8 16 1
1739 6 3 4 19 4 9 25
1740 40
1741 11 5
1742 0 1 0
1743 23 23
1744 4 8 16 1 8 1 1 7
1745 1 8 1 2 2 4 6 3 9
1746 15 19 9 16 12 14 12 18 15 21
1747 2 2
1748 5 2 5 5 0 1
1749 1 10 11 15 7 9 12 8 4 22 2
1750 14 1 5 17 21 25 4 24 12 20 14
1751 7 13 11 10 8 9 2 10 4 2 12 10
1752 11 1 4 3 14 9 3 2 7 1 2 4
1753 9 4 7 12 5 11 6 1 5 3 30 5 0 1 6 2 8 13 10 42 9 14
1754 1 0 33 13 21 22 0 2 34
1755 2 2 3 2 -3
1756 10 10 5 7
1757 10 10 12 4 11
1758 40 13 8 1 1 24 12 1 12 0
1759 13 13 8 5 1 14 0 13 5 1 0 1 8
1760 11 12 0 4 0 7 10 8 1 4 10 2 0 7 7
1761 1 2 9 7 0 4 3 2
1762 1 2
1763 12 11 4 2 3 5 13 8 18 1 13 2
1764 1 4 1 9
1765 4 0 2 4
1766 6 5 3 -5 -5
1767 0 5 1 18 4 12 4 0 1 11 20 24 6 2 6
1768 2 10
1769 1 1 16 1
1770 14 10 1 3 2 11
1771 2 12 2 10 13 5 2 3 2 8
1772 12 5 2 11 12 8 10 1 5 6 9 -68 19 1 2 3 7 14 3 1
1773 3 11 11 12 3 6 8 3 8
1774 3 9 1
1775 4 4 7 3 4 4
1776 18 16 12 13 2 10 7 8 4 15
1777 4 2 1 1 1 1
1778 47 23 7 0 6 4 10 86
1779 3 0
1780 0 1 10 10 1 1 2 2 0 1
1781 8 7 26 13 12 16 10 22 5 23 22 5 16 2 3
1782 21
1783 8 1 9 8 9 5 1
1784 0 1 2 2 1
1785 34 1 8 9 2 6 23 9 9
1786 15
1787 3 10 6 8 5 8 5 3 2 13 2 3 19
1788 0 -17
1789 1 2 -51 1
1790 17 21 19 18 18 19 18 19 11 3 -59 3 13 7 19 2
1791 2 16 2 27 14 10 2 3 3 4 5 2 3
1792 25 25 26 4 8 6 8 8 6 0 19 25 3 28 38 38 3 38 1 15 3 20 3
1793 17 10 2 12 1 22 22 9 25 18 8 10 15 11 6 3 20 17 17 20 30 -5
1794 1 16 2 1
1795 3 10 2 8 31 9 7 11 7 0
1796 1 6 2 3 3 13 7 15 2 2
1797 3 9 13 5 7 -57 2
1798 20 4 29 20
1799 2 2 5 1 1
1800 1 2 2 1
1801 19 0 1 1 1
1802 18 8 13 -73
1803 4 2 1 2 1 1 4 8 7 3
1804 14 1 12 1 15 6 11 16 7 3 6 5 9 0 2 5 5 7 11 8 3 5 6 8 10 1 21 2 7 12 6 5 9 2 10 23 4 11 2 0 5 2 25 22 3 5 19 6 9 11 8 26 18 15 5 7 15 4 5 4 19 36 5 6 3 9 6 5 8 11 34 4 2 8 7 6 1 1 11 7 8
1805 1 5 2 5 4 14 8 1 18 12 4 3 2 1 3
1806 18 18
1807 26 30 75 45 35 44 31 14 21 5 8 8 70 43 44 2 25 25 30 30 5 3 26 30
1808 5 1 3 4 2 12 3 4 1 7
1809 0
1810 0 3 2
1811 10 5 11 4 15 11
1812 1 5 4 4 13 26 4 1
1813 4 7 3 2 13 6 2 12 11 2
1814 3 36 2 8 10 8 2 4 1 6 5 13 4 10 6 2 6 7 7 4 0 10 10 1
1815 7 5 14 6 4 14 6 8 9 5 5 13 16 1 25 3 2 8 8 10 3 5 9 7 19 2
1816 1 1 1 2 10 8 3 8 6 9 6 7 4 5 1 11 17 11 12 4 8 11 15 11 3 11 1 6
1817 3 3 2 0 1 1 18
1818 5 11 0 4 58 18 20 4 4 41 12
1819 2 1 6 2 3 3
1820 22 16 15 17 15 10 2 9 23 2 8
1821 6 15 1 1 1
1822 6 13 3 9 13 70
1823 2 6 4 4 20 2 11
1824 4 0 18 12 5 0 0
1825 5 14 3 0 1 3 9 7 3
1826 7 8 6 3 3 9 7
1827 14 7 30 1 0 17 9 15 8
1828 0 1 10 2 2 2 2
1829 5 1 1
1830 0 0 0 9 9 10 1 6 12 -1 10 9 9 2 2 1 0 9
1831 9 2
1832 1 1
1833 7 15 14 19 9 1 9 1 5
1834 9
1835 10 5 11 2
1836 30 1 1
1837 1 1 3 7 2 2
1838 4 7
1839 5 3
1840 2 6 6 1 7 5 6 2 9 3 3 6 13 8 2 -4
1841 25 -35 4 23 25 3 2 14 18 11 1 3 20 24 3
1842 0 0 2 1 0 1
1843 2 4 1 32 3 2 3 2 1 5 3 14 5 10 6
1844 7 7
1845 10 28 2 10 12
1846 1 0 4 0 8 8 8 2 1 0 1 0 1 1 2 2 15 -72 1 7
1847 2 1 2 1 8
1848 17 16 38 35 0
1849 1 0 10 3 8 6 6 7 1
1850 22 1 17 20 39 39 23 23
1851 9 4
1852 1
1853 2
1854 9 -15 1 3 15 7 1 5
1855 2 1 0 2 -1 12
1856 12 9 11 21 12
1857 2
1858 3 3 5 7 19 19
1859 2
1860 0 1
1861 0 10 4
1862 0 5
1863 7 4 3 11 10 13 5 3 2 13 13 2 13 1 30 11 1 2 13 3 4 5 3 3 1 1
1864 4 0 0
1865 0
1866 7 5 1
1867 1 7 10 13 1 5 1 12 36 9 12 56 1 1 0 11 1 15 6 4 18 12 -66 1 12 23 25 3 4 101 -54 22 15 10 44 2 20 1 70
1868 14 4 7 0 16 17 18 14 25 16 5 2 0 1 11
1869 1 7 9 2 8 4 2 3 2 5 5 4 1 2 3 2 13 4 0 3 1 9 3 2 3 8 2 7 3 3 3
1870 0 0 0
1871 3 1 4 18 16 5 5 18
1872 2 34 21 3 8 1 3 27 28
1873 0 0 9 4 25 7 0
1874 12 13 2
1875 3 4 -1 7 23 6 23 5 28
1876 2 4 33 5 33 5 31 7 21
1877 6 6 1 3 1 8 6 3 1 2 8 6 0 2 44 2 3 2 31 2 2 45 3 6 5
1878 8 1 9 8 3 2 1 0 17 8
1879 2 14 13 3 3 13 5 12 5
1880 1 1
1881 21
1882 11 8 19
1883 8
1884 0 3 0 1 11 8 9
1885 11
1886 0
1887 0 15
1888 1 2 1 1 8 0
1889 11 0 1
1890 16 3 1 1 1 1 1 7
1891 0 1 2 4 2 3 1 6 6 2 4
1892 11 12 12
1893 43 8 16
1894 3 2 9 0 10 1
1895 2 1 3 24 12 11 13 7 0 5 6 1 2 1 1 1 3 10 1 0 1 4 3 1 4 1 24
1896 3 9 9 2 8 0 11 20 2 3 4 1 20 -5 -66 4
1897 2 2 2
1898 11 42 18 18 39 53 22 16
1899 8 1 3 2
1900 2 3 1 6 5 1 9 20 2
1901 4 1 12 3 2 2 2 2 -69
1902 2 2 1 1 1 4 1 23
1903 7 5 9 3 7 8 7 9 3 5 3 4 4 3 5 5 5
1904 1 3
1905 16 7 2 7 6 8 29
1906 0 6 6 13
1907 24 9 2 3 35 19 14 24 19 24 5 42 29 20 19
1908 4 4
1909 35 -5 2
1910 2
1911 2 1 2 6 1 1 2
1912 1 0 0 3
1913 3 -52 37 1 5 13 25 2 4 13 3 69 57 56 22 17 1 21 20 -62
1914 0 1 0 0 0
1915 17 21 17
1916 10 10 6
1917 0 12 13 0 14
1918 2 1
1919 6 -38 9 5 38
1920 3 33 11
1921 2 -6
1922 12 3 1 1 4 3 1 2 1 11 1 4 6 7 1 11 17 3 3 31 11 2
1923 59 12 42 7 8 19 12 2 5 2 24
1924 2 7 1 33 2 1 1 0 0 36 4 4 12 9 4 1 9 4 4 18 11 11 1 1 8
1925 2 1 2 1 2 3 1 2 9 2 1 3
1926 7 1 3 1
1927 2 12
1928 62
1929 11 20 18 3 8 15 24 10 1
1930 1 2 15 14 13 12
1931 1 10 10 11 11 1 11
1932 3
1933 3 21 23 16 27 1 2 43 38 37 9 12
1934 0 4 2
1935 5 2 2 1
1936 2 2
1937 1 7 8
1938 0 12 12 22 11 16 9 2 6 7 3 14 0 20
1939 17 8 4 5 8 13 13 12 16 13 7 14 4 11 7 9 3 6 6
1940 3 4 4 2 6 4 5 3 7 2 15 5 4 49 2 41 1 2 1
1941 2 3 1 2 1 1 4
1942 7 11 11 8 4 3 10 13 17 16 17 4 5 3 18 2 5 7 15 2 12
1943 5 1 4 7
1944 1 0 7 1 1 3 2 7 8 1 2 2 3 1 4 1
1945 2 5 1 0 2 1 3 2 1 1
1946 3 17 8 5 7
1947 5 1 13 2 8 5 5 1 -1 5 6 5 6 8 8 2 2 5 8 28 8 29 5 1 5 7 7 6 4 5
1948 4 5 5 7 4 4 4 2 4 4 2
1949 23 28 9 39 22 10 3 7 12 8 14 5 1 2 11 7 4 4
1950 13 2 11 12
1951 2 4
1952 4 9 4 4 16 16 27 1 4 8
1953 14 7 6 9 8 4 2
1954 4 20 3 14 22 13 0
1955 11 2 22 2 14
1956 1 2 1 1
1957 20 2 14 4 2 10 1 6 1
1958 5 7 9 1
1959 14 1 3 126 10 4 12 7 2 4
1960 55 8 21 10 13
1961 15 2 16 1 16 17 1
1962 2 4 1 2
1963 1 2
1964 7 6 6 37 5 5 7 5 22 5
1965 11 4 1 1 1
1966 1
1967 1 0 15
1968 22 4 3
1969 10 10
1970 3 4 3 24
1971 17
1972 3 4 16 1 -1 7
1973 1 10 11 4 4
1974 10 11 20 15
1975 9 11 2 3 1 -5
1976 1 1 1
1977 18 12 0 16 0 1 6 1 3 7 5 0 11 6 1 10 2 1 1 17 7 5 2
1978 5 0 1 1 2 0 1 2 2 2 3 1 2 0
1979 5 6 4 1 8 2 2 14 16 10 -67
1980 28
1981 9 14 3 14 23 3 33 3 11 4 4 10 11 19 13 16 61 -69 11 -5 24 36
1982 10 9 1 1 5 10 7 2 -38 2 3 1 2 2 2 8
1983 25 29 1 27
1984 13 35 31
1985 6 1 11 3 19 1 3 12 1 2 -2 12 3 4 3
1986 3 2 1 10 3 4 11 6 3 6 1
1987 4 3 8 16 2 35 2 15 8 34 26 27 1 21
1988 8
1989 7
1990 2 3 1 3 0 1 1 3 0
1991 7 6 0 0 0 18 5 2 2 2
1992 1 16 22 2 9 3 19 4 2 4 2 18 0 11 2 20 15
1993 1 3 3 4 3 3 2 1 6 3 1
1994 7 2 -34 11
1995 0 13 1 1 3 3 0 13 18 4 2
1996 8 4 2 4
1997 1 5
1998 13 1 3 3 4 4 2 4
1999 3 2 1 1 1
2000 0 0 0
2001 1 1 40 1 55 0 13 2 1 2 28 18
2002 -1
2003 1 0 47 3 1 1 1 1
2004 9 3 2 2 3 5 1 10 12 7 2 1 2 4
2005 4 15 2 2 15 1 14 6 16 15
2006 74 3 9 3 2
2007 9 1 1 1 1 8 1 2
2008 0 0 17 0 55 0 0 3
2009 1 0 6 2 0 2 1 1 1 1 1 2 1 1
2010 7 7 7 7 7 16
2011 6 4 5 11 2 7 21 7 31 45 21 14 9 15 7 8
2012 2 1 1 9 1 6 2
2013 3 7 3 7 10 9
2014 3 3 3 2 6 2 1 0 2 1
2015 1 3 9 3 3 3 3 3 2
2016 30 1 4 13 8 1 2 9
2017 6 8 2 1 3 10 2 1 5 1 0 1 2 3 8 3 3 4 7 4 3
2018 2 1 2 1 1 0 7 0 1 3 0 1
2019 9 5 7 2 1 10
2020 4 9 3 3 6 4 4 0 20 25 0
2021 13 4 14 13 4 11 3
2022 4 0 5 1 1 1 3 1 2 0 -47 1
2023 14 14 15
2024 5 2 7 1 2 1 6
2025 12
2026 3 0 2 1 1 2 4 2 3 1 1 2 2 0
2027 68
2028 7 2 7 4 7 3 1 1 3 1 2 2 3
2029 0
2030 1 0 0 0 8 7 0 1 18
2031 6 4 7 5 2 2 1
2032 1 0 0 1 0 1 0 0
2033 0
2034 0 10 3
2035 0 5
2036 35 1 2 1 9 2 7 4
2037 3 18 7 13 4 23 27 35 32 32 26 29 12 34 27 16 39 18 14 21 -49 32 32 18 24 26 6
2038 0 12 2
2039 0
2040 3 3 10 9 4 3 2 8 3 13 3 2 4 3 3
2041 3 4 6 4
2042 12 10 7 15 10 3 12
2043 1 4
2044 2 6 7 1 4 8 3 7
2045 14 16 16 14 3 17 2 18 16
2046 0 0 16 0
2047 2 1 0 1 2 0
2048 0 0 1 1 0 10 0 4 0
2049 1 0
2050 13 12 1 2
2051 4 3
2052 1 2 2 4 3 3 4 10 3
2053 9 7 6 8 15 6 15 6 7 9
2054 2 2 17 12 3
2055 1 1 7
2056 0 1 1 0 0
2057 16 12 8 8 12 14 22 16 12 18 18 3 12 31
2058 2 2 5 1
2059 16 14 25
2060 5 5
2061 6 5 15 2 4 3 2
2062 23 8 25 26 1
2063 5 1 24 2
2064 8 3 8 6 5 4 4 1 4
2065 0
2066 2 3 2 6 4 23 6 4 3 3 13 3 5 8 3 3 3 3 3 8 2 4 1 3 12 3
2067 -22 6 3
2068 14 0
2069 -61 8 1 21 2 8 4 5 5 24 28 28 15 1 9 7
2070 1 2
2071 1
2072 -4 -11 10 34
2073 9 4 3 3 10 -2 41 9 9 8 5 8 8 -2 2 2 5 2 3 3 16 8 16 16
2074 -55 3 12 11 13 11 1 4 5 3 4
2075 2
2076 17
2077 6 6 8 6 8 6 9 2 5 9 9 9 14 0 3 3 7 8 13 7 10 6
2078 5 19 3 19
2079 2 2 0
2080 15 0 16 3 15 8
2081 2 2 1 2 1 3 11 1 4 1 1 1 1 28 18 13
2082 2 2 5 12 3 4 5 0 4 0 7 1
2083 -5
2084 17 13
2085 1 18 3
2086 1
2087 19 16 0 17 10
2088 2 1 2 3 0 0 0 1 0 10
2089 2 12 13 9 2
2090 11 6
2091 1 9 1 3 1 1 1 9 3 12 1
2092 16 23 9 8 4 15 59 4 19 24 3 19 20 23 12 10 14 8 24
2093 4 1 2 0 0 0 13 1 21 3 1 2 1
2094 11
2095 14 16 26 17 23
2096 21 33 3 15 16 18 13 11 5 3 30 2 2 3 2 22 5 25 15 21 2 30 2 23
2097 27 13 6 5 1 5 11 11 5 5 25 54 19 13 25 24 -5 9 10 14 9 38 11 43 0 11 62 8 27 35 18
2098 3 11 21 3 26 5
2099 1 2 3
2100 5 5
2101 1 5 4 1 6 2
2102 5 5 13 5 9 17 14 5 25 5 8 9 6
2103 1 5 1 1 3 2 2 6 1 0 5 5 1 4 0
2104 7 5 2 17 4 2 6 8 5 2
2105 38
2106 1 2
2107 14 14 11
2108 2 11 2 3 5 1 9 4
2109 0 14 4 2 4 0 2 1 3 4 5 4 2 5 3 2 3 1 15 4 2 5 0 1 5 3
2110 16
2111 22 34
2112 3 1 11 11 8 5 12 4 8 -68
2113 24
2114 0
2115 9 9 4 4 1 0 8 7 0 7 8 6 5 5 5 5
2116 1 1
2117 15 2 4 1 16 -3 8
2118 2 11
2119 11 6 9 9 9 11 4 8 8 14 6
2120 9 12 10 2 1 20 2 3 2 14
2121 15 33 1 19 0 37 1 18 15 8 17 2 36 1 11 38 -65
2122 1 2
2123 7 3 4
2124 2 1 3 1
2125 16 4
2126 5 2
2127 1 12 15
2128 0 2 27 17
2129 24 55 1 8 24
2130 9 11 9
2131 19 19 -60 12 3 12 15 3
2132 11 12 0
2133 15 -60 5 18 4 10 52 30 10 24 15 28 3 3 2 1 3 12 30 19 23 12 23 15 8 18 21 11
2134 2 2 1 0 0 2 2 3 1 3 2
2135 0
2136 24
2137 19
2138 5 7 2 2 6 5 5 3 2
2139 9 12 7
2140 11 11 4 6 8 3 7 7 6 11 11 10
2141 2 18 0 27 2 27 1 2
2142 1
2143 2 5 5 13 6 4
2144 1 0 2 5 1 0 1 15
2145 -48
2146 11
2147 -11 0 1 4 15 13 3 1 3 22 13 21 21 4
2148 2 0
2149 1 17 12 17 7 18 2 14 18
2150 3 0 1 0 3 0 1 7 1 0
2151 23
2152 9
2153 1
2154 1
2155 4
2156 17 4 -5
2157 7 1 2 -59 2 12 30 2 13 3 3 2 12
2158 3
2159 16 13 0 4 2 1
2160 1
2161 2 4 4 2 1 2 2 1 3 2 1 2 1
2162 11 10 2 4 7 2 19 7 5 4 4 2 13 5 5 12 8 15 11 5 29
2163 3
2164 9 10 8 8 9 1 2 2 6
2165 0 2 0 0 2
2166 32
2167 3 44 14 39 2 1 45 10 -60
2168 6 10 3 9
2169 11 1 5 9 19 -35
2170 0 6 5 0 4 3 2 0 1 3 2 0 1 0 0 0 3 2
2171 1 6
2172 53 3 21 27 16 9
2173 3 5 15 4 3 12 1 9 -26 2 7
2174 2 1
2175 19 16
2176 17 0 8 5 14 4 7
2177 3 3 -40
2178 4 6 0 0 4 11 8 11 9
2179 0 1 0 0 15 1
2180 5 3 11 2 4
2181 2 0 4 4 3 4 2 11
2182 1 2 5 7 9 4 4 1 22 4 2 31 18 0 0 14 2 1
2183 2 0 2 4 2 0 2 1 0 4 2
2184 10 2 21 16 12 1 6 2 1 1 17
2185 13 31 14 13 5
2186 1 1
2187 1
2188 11 9 9 11 7 4 0 12 2
2189 1 1 1 0 10 2 1 3
2190 2 1 3 5 34 4 4 3 2 5 3 3 3 7
2191 8 4 8 5 9 12 10 7 7 7
2192 35 65 44 31
2193 1 4 11 3 3
2194 1 1
2195 0 5 3 0 1 2
2196 10 8 10 7 0 1 1 1 17 13 7 8
2197 11 15 12 20 6
2198 25 20 10 2 16 1 1 17 11 3 6 3 2 10 16 14 -13 22 2
2199 1 0 7 20 7 4
2200 3 2 18
2201 1 1
2202 3 2 1 4 2 3 1 3
2203 1 3
2204 4 3 3
2205 23 1 1 2 4 1 1
2206 2 1 1
2207 17 16 17
2208 0 15
2209 5 14 3 2
2210 17 23 22
2211 20 6 14 12 22
2212 3 1
2213 10 16 11 11 11 28 11 9 12 10 18 17 8 12
2214 5 9 5 1 0 1 8 5
2215 7 5 3
2216 3 0 0 2 2
2217 11 19 13 8
2218 1 1 1
2219 4 3 4
2220 1
2221 1 1 2 14 2 2
2222 1 1
2223 12 2 3 1 12
2224 -2 1 1
2225 21 6 37 17
2226 8 2 5 2 4 4 2 4 18 3 6 5 3 5 1 5 1 3 22 3
2227 2 1
2228 13 21 23
2229 1
2230 7 1 4 2 0 4 0 1 0
2231 7 7 11 10 9 10 11 10 14 2 1 2 7 9 6
2232 1 1 1 2 2 2
2233 16 13 20
2234 23 10 6 27 36
2235 1 2
2236 14 0 12
2237 10 1 2 0
2238 1 5 10 3 18 2 5 3 2 15 0 1
2239 8
2240 0 0 1 24 6 2 0 23 0
2241 2 1 3
2242 1 1 3
2243 19 43 14 1 14 18 14 14 0 8 3 7
2244 9 9 8 8 8 0 9
2245 3 42 2
2246 24
2247 8
2248 3
2249 4 6
2250 23 18 36 39 19 40 49 33 10
2251 3
2252 7 12 8 0 6 8 14 0 2 5 3 14 5
2253 1 5 1 3 3 29
2254 -8 29 6 11 1 2 21 2 1
2255 1 3
2256 0 26
2257 1 14
2258 7 2 3 0 4 3
2259 2 6
2260 18 29 20 15 42 10 10 46 31 19 18 19 18 27 42
2261 2 2 28 2
2262 29 20 29 3 3 9 39 0 24 25
2263 24 -69
2264 -60 1 5 3 3 0 2 26
2265 6 25 2
2266 14 15 20 16 36
2267 1 1 1
2268 2
2269 0 19 9 -47 21 13 1 -42 14 7 10 12 11 10 17 1 1 19
2270 7 11 10 3 9 16 11 20 19 5 14 20 11 22 20 2 11 122 7 5 22 21 -42 13 20 2 13 7 16 37 4 12 -12 22 21 1 4 8 28
2271 5 10 3 11 3 3 8 7 12 3
2272 4 3 3 11 2 3 3 4 1 3 3 5 1 2 10 2
2273 5 4 14
2274 14 1
2275 0 0 0 0 0
2276 6 8 8 3 2 11 6 16 5 4 10 7 1 11 9 2 10 9 9 9 9 12 23 3 2 5
2277 13 48
2278 5 4 2 7 2 6 2 28 1 5 5 4 3 4 6 1 1 6
2279 25 16 2 2 6 3
2280 26 1
2281 4 2 1 6
2282 0 11
2283 13 2 3 11
2284 9 11 1 9 5 4 7 5 3 2 7
2285 1 11 4 4 2
2286 -12
2287 0 0 0
2288 3 6 1 5 7 2 5 9
2289 7 11 0 18 0 0 6 9 20 0 4 14 11 30 12 6 5 11 7 21 4 -18 0
2290 1 8 7 3 3
2291 7 37 16 7 4 7 7 7
2292 1
2293 1
2294 10 14 2 5 14
2295 16 16
2296 2 15 30 23 28 38
2297 16 13 20
2298 1 3 14 2 3 2
2299 3 12 2
2300 8 6 7 0 9
2301 1 1 1
2302 8 5 5 18 -10 2 2 2 3 2 1
2303 8 12 -1
2304 0 0 1
2305 4
2306 5 5 7 6 8 2 6 4 5
2307 0 1 3 1
2308 2 1 7 8 0 0 9 2 9 0 0 0 7 0 7
2309 11 11 1 17 13
2310 1
2311 1 2
2312 2 1 27 31 19 17 14 4 4
2313 18 24 2 22 17 1 3 0
2314 7 0 1 4 8 3 1
2315 1 2
2316 13 10 17 7 9 18 13 16 49 11 22 15 12 10 9 13 12 7 10 14 7 35 14 21 28 15 34 15 25 20
2317 2 1 0
2318 3
2319 1 2 4 5 6
2320 3
2321 20 3 17 2 3 3 16 13 3 19 2 3 1 2
2322 4 6 11 14 8
2323 0
2324 1 5 7 3
2325 1
2326 4 2 3 2 3 2 0 2
2327 8 2 3 29 0 6 2 1 11 -17 11 4
2328 12 0 2 6 -47
2329 8 28 6 7 11 8
2330 1 2 14 3 3 4
2331 -4 9 13 11 19 12 0 13 3 11 3 10 13 21 2 10 10 9
2332 4 3
2333 3 6 1 17 15 13 22 14 19 21 14 6 5 7 21
2334 4 5 3 20
2335 1
2336 21 2 56 24 14 5
2337 1 2 -1 4 12 3 1 11 4 4 15
2338 16 14 2 18 14 4 16 14 11
2339 6 27 32 2 11 24 16 8 7 23
2340 5 8 10 3 -3 5 2 5 1 11 2 2 2 5 11 -21 18 3 20
2341 16 10 3 9 3
2342 1 16 25
2343 1 1 1 0 0
2344 0 2
2345 10 4
2346 2 1 6 4 9 1 8 15 15 23 14 14
2347 6 6 7 2 4 6 6 7 3 7
2348 10 11 12 2
2349 9 18 5 3
2350 17 10 19 17 8 8 10 3 22 3 17 10
2351 2 16 18 14 32
2352 11 1 13
2353 0
2354 3
2355 2 0 1 1 2 1 0 0 0 -47 2
2356 15 2 3 1 7
2357 7 16 11 14 19 20 20 2 3 14 1 16 17
2358 0 0 0
2359 3
2360 8 4 11 8 2 14 7
2361 11 10 22 7
2362 2 2 2 2 2
2363 1 15 1 1 2
2364 8 6 8
2365 10 2 2 9 4 18 4 7 13 7 4 4 5
2366 3 11 17 24 2 2 3 8
2367 0 7 22 7 2 1 5 4 2
2368 8
2369 1 14 10 10
2370 3 8 5 7 16 2 5 3 7 5 -15 3 1
2371 16 9 27
2372 39 -68
2373 7
2374 0
2375 9 8 0 11 3
2376 1 14
2377 3 2 2 24
2378 13 14 43 15
2379 50 7
2380 -50 -48 -53 -69 -63
2381 5 4 5 12 2 3 2
2382 4 21 3 2 4 4 15 3 3 2 2
2383 1 1
2384 7 0 8 0 3 3
2385 14 6 13 15 5 3 13 14 14 15 17 10
2386 14 9 17 14 1 13 16 1 16 16 2 14 9 14 2 17 17
2387 3 2 0 5 3 4 3 1 0
2388 2 62 -5
2389 1 0 2 4 4 4
2390 1 2 2 1 1 1 1
2391 4 2 0
2392 -15 -42
2393 31 14 4 22 27 2 3 6 3 4
2394 1 7 6 4 3 -10
2395 10 1 5 6 9 7 3 15 11
2396 20
2397 3 5 3 1 1 3 3 2 5 6 5 5 5 3 4 5 3 5 2 3 6 2 3 2
2398 1
2399 16 14 19 6 1 15
2400 1 0 2 1 2 3 2 4 1
2401 3 12 4 7 13 9 14 4 3 4 5 3 9 4 2 5
2402 0 13 36 38 69 17 8 1 47 1 42 23 1 -60 52 55 -74
2403 2 2 2 1 1 2
2404 25 14 26 4 24 21 21 3 10 25 20 30 3 23 23 18
2405 3
2406 16 16 22 9 13 15 19 22 20 7 3 3 3
2407 28 27 2
2408 2 2 12 2
2409 3 18 17 17
2410 9 10 4 8 4 1 3 2 2 2 18 8 13 2 13 14 0 2 11 4 2 3 3 1 9 2 13 1
2411 3 1
2412 26
2413 13 12
2414 4 5 12 2 1 1 1 7 2 2 0 1 1 1 1
2415 1
2416 16 1
2417 2 0 1 0 4 5
2418 1 1 1 1 1
2419 1
2420 0 0 1 4 1 0 1 0
2421 2 2
2422 14 8 4 8 9
2423 0 0 19 17 0 0
2424 3 10 6 2 0 2 6 1 5 4 4 7
2425 19 1 20 2 0 2 12 3 3 5 2
2426 16 3 13 1 0 11 3 10
2427 15
2428 13 14 1 23 3 9 3
2429 14 17 1 14 16 20
2430 14
2431 -3 4 4 4 2 3 0 0 3 0
2432 29 23 24 4 13 14 5 14 16 18 2 7 36 34 21 -64
2433 9 14 10 3
2434 24
2435 13 -2
2436 0 2 12 2 2 2 5 3 5
2437 6 6
2438 4 2
2439 10 11
2440 18 19 6
2441 9 20
2442 3 5
2443 4 4
2444 1 8 1 1 12 2 6 5 6 16 2 2 2 2
2445 2 4 3 5 5 6 4 6 11 11 4 8
2446 6 48 5 1 2
2447 22 18 84 3 8 0 1 60 -59
2448 19 7 1 18
2449 2
2450 0 0
2451 11 10 1 9 4 3 8 15 10 5 9 9 10 3 10 8 10 3 3 1 2 9 9 2 9 3 10 1 9 -19 9
2452 40 2 0
2453 13 4 2
2454 15 31 13 26 11 14 12 2 6 2 14
2455 8 9 3 8
2456 14 2 -10 2
2457 1
2458 3 6 6 5 2 4 22 1
2459 0
2460 6 1 9 2 2 2 39
2461 15 13 11 3 3 11 9 7 13 23 4 0 13
2462 16 16
2463 1 3 16 43 -8
2464 1
2465 2
2466 17 23
2467 7 6
2468 0
2469 0 0 27 14 0 11 1
2470 2 0 0 1 5 9 1 1 2 2 0
2471 8 2
2472 21 0 1 2 -5
2473 24 3 21 2
2474 1 11 9 13 11
2475 4 10 3 10 32
2476 1 19 9 4 19 4 18 9 18 20 15 11
2477 10 4
2478 3 3 1 6 4 2 3 3 -24 3
2479 5 2 2 2 2
2480 15 3 3 2 3 12 9 4 5 2 11 1 15 8 6 13 35 21 33 8 13 3 13 4 11 4 3 2 2 3 14 22 23 5
2481 1
2482 1 0 1 0
2483 21 25
2484 11 3 3 5 1 9 3
2485 8 9 11 5 5 8
2486 1 9 2 7 10 7 3 7 1 5 2 7 7 6 2 3 2 9 1 3 4 7 4 3 2 2 7 4 3 6 6 2
2487 2 1 2 2 2 1 4 33 5 12 1 12 7 3 5 3 11 10
2488 0
2489 9 0 2 2
2490 15 15 3 0 2 2 4
2491 2 1 1 7 3 2 0 1 1 1
2492 18 10 10 4 1 13 4 4 10 8 3 22 1 7 4 23 5 7 1 1 5 6 10 2 0 1 5 17
2493 0 1 1
2494 2 4 3 0 2 4
2495 9 2 7 12 23 6 1 2 2 22 4
2496 3 5
2497 6 4 5 6 5 4 2 1 15
2498 2 2 2 8 3 6 6 7 4 1 6 4 2 2 1 3 4 3
2499 10 12 7 23 20 22 20 21 2 23 11
2500 3 10 0 2 1 1
2501 0 10 3
2502 15
2503 9 -1
2504 3 3 4 3
2505 -37
2506 6 1
2507 2 2 13 15 13 9 3
2508 2
2509 1 10 2 14
2510 5 13 15 15
2511 14 1 2 2 12 7 2 17 5 14
2512 80 28
2513 1 4 2 2 4 2 1 7 3 2 2 10 1 4
2514 1 3
2515 2 2 12 22 2 1 -13
2516 15 17
2517 8 11
2518 10 10 6 6 10 9 8 8 8 6 7 11 8 8 11 10
2519 1 10
2520 0 3 0 21 31
2521 2 2 16 7 2 5 4 1 41 1
2522 20 5 2 8 3 1 7 3 11
2523 1 4 13 2 -1 1 1 1 0 9 1 1 1 2 7 3 1 1 1 0 1 2 1 0 0 0 3 1
2524 17 16 12 49 18 0 12 12 12 20
2525 3 3 10 4 9 10 3 11 4 3 1 2 2 5 3 1 2 1 3 6 22 5 9 6 1 2 1 3 4
2526 1
2527 20 21 2 52 8 25
2528 21 5 3 4
2529 2 9 8 5 8 2 9
2530 5 1 5 1 12 16
2531 2 17 15 18 5
2532 0 0 0 3 34 0 12
2533 6 2 4 13
2534 3 27 2 27 2 1
2535 1 0
2536 8
2537 1 19
2538 1 0
2539 14 20
2540 19 12 9 13 5
2541 14 24
2542 15 6 5 6 1 9 2 13 9
2543 0 0 0
2544 2 28 6 4 16 1 17 9 4 6 28 16 34 3 6 -14 3 7 4 2 9 4 4 38 4 33 3 2 4 34 -5 2
2545 1 1 1
2546 1 0 24
2547 2 3 17 4 4
2548 4 16 9 10 11 0 12 0 3 11
2549 3 3
2550 11 2 28 2
2551 2 1 2 0 1 2 1 2 4 2 2 1 2 4 4 4 4 4 0
2552 16 5
2553 18
2554 -3
2555 24
2556 15 4 10 12 -8
2557 7 16
2558 0
2559 29 0 1
2560 20
2561 7 7
2562 2 6 9
2563 5
2564 3 1 3 4 2 13 10
2565 19 19
2566 1 4 11 5 2 5 4 2 0 2 2 2 1 3 3 5 3 3
2567 6 1 11 10 9 19 6 14
2568 8 11 8 11 2 8 11 2 10 16 16 6 1 11 3 4 11 4 11 4 16 8
2569 1 42
2570 10 1 1 3 1 2 2
2571 0 1 2 9 4 4 7 9 15 2 2 7
2572 1 1 6 1 2 3 4
2573 22
2574 14 14 20 20 11
2575 2 2 0
2576 13 19 14
2577 14
2578 2 0 2
2579 6 3 3 4 4
2580 5 18 2 0 -40 12
2581 12 18 4
2582 17 3 11 -45 5 24 23
2583 11
2584 19
2585 2 9
2586 1
2587 -51
2588 2 1 3 1 1
2589 3 16 21 3
2590 12
2591 18 3 4 4
2592 1 1 2 2 1 2 3 3
2593 14 1 3 0 12 5 1 1 4 5 1 3 15 12 5 1 2 7 3
2594 51 48 4 19 16 7 7 6 2 22 6 4 18 20 4 5 5 10 17 11 71 47 -63 16 39 10 14
2595 21 36 35 39
2596 4 9 4 5 8 22 23 5 4 3 2 2 2 4 3
2597 34 35 -5 9 14
2598 22 5 3 5 19 22 19 16 39 8 26 13
2599 1 13 6 9 5 20 5 4 9 -23 4 6 2 5 5 4 0 4 3 7 1 9 4 6
2600 1 3 24 3 3 24
2601 5 0 6 5 4 13 24 11 10 4 12 9
2602 3 1 2 5 2 2 1 15 2 14 1
2603 15 15 3 17
2604 6
2605 -1
2606 3
2607 12 5 2
2608 5 12 11 3
2609 2 3 3 2 2 2 8
2610 2 19 1 2 2 4 4
2611 23 9 0
2612 1 4 1 2 3 1 4 1 1 3 3 0 5 2 0 2 4 5 3 2 2 4 3
2613 3 23 10 1 7
2614 8 49 6 31 7 -55
2615 16 19 19 11 5 15 3 4 3 17 44 5 9 8 16 4 4 5 18
2616 5 2 4 2 5
2617 15 17 14
2618 -8 -6
2619 -68 11 -57 6 32 13 6 15 13 25 2
2620 1 -51 0 0
2621 4
2622 2 2
2623 0
2624 0
2625 20 10
2626 8 0 9 10 16 21 12
2627 1 1 78
2628 1 2 1 2
2629 15 4 8 26 9
2630 16
2631 2 2
2632 3 2 2 0
2633 10 6 11 11 -68 3 4
2634 17 2 2 6 11 1 48 2
2635 1 1
2636 2 0 3 1
2637 7 6
2638 5 1 0
2639 12 3 20
2640 2 2 1 1 6 0 2
2641 2 3 5 2 1
2642 15 1
2643 2 2 10 3 2 13 2 17 4 12 11
2644 18 17 19 4 19 2 9 -71 4
2645 5 -11 -11 1 7 3 1 2 1
2646 9 17 17 15
2647 14 14 5 3 1 2 3 1 3 14 14
2648 0 33 21 65 16 7
2649 14 5 5
2650 4 1
2651 2 12 2 5 2 11 6 4 2 9 6 11
2652 13 53 3 11 12 9 -5 22 6
2653 0
2654 8 8 6 3 5
2655 4 14 19 4 0
2656 14
2657 6 7 6
2658 10 10 1 0 2 8 12 8
2659 3 4 2 3 1 1 4 4 3 0 3 3 5 3 2 3 2 1 2 5 6 2 2 1 4 1
2660 16
2661 1
2662 17
2663 16 15 18 10 43 27 4 1 12 4 11 6 6 10 1
2664 10
2665 15 10 2 11 14 7 6 8 8 6 7 14 6 7 5 17 4 4 10 15
2666 14
2667 16 -8 13 20
2668 74 -1 26 26
2669 27 10 21 36 1 14
2670 1 1 1 1 3
2671 2 2 1 4 9 10 1 1 2 3 3
2672 0 2
2673 1 2 6 1 1 1 1 2 -60 1 1 2 1 2 2 3 1 1
2674 5
2675 4 -15 2
2676 8
2677 -14
2678 7 6 4 2 2 8 11 5 0 5
2679 2 6 -16 2
2680 21 5 6 6 1 21 1 2 2 1 3 2 2 12 8 12
2681 20 42 25 35 16
2682 2 1 3 2 3 4
2683 14 16
2684 8 5 9
2685 18 10
2686 39 8 8
2687 2
2688 1 2 2 0 33 21 0
2689 1 1 2
2690 18 4 19 3 6 4 16 19 4
2691 6 2 4 4
2692 2 15 0 1 4 3 12 1 12 1 2 0 2 1 7 0 2 4 24 1 2 2 6 1 2 1 2 3 1 1 7 2 1 1 4 1 2 1 2 2 1 25 21 0 2 2
2693 21 6 2 2
2694 0 2 3 4 1
2695 4 1 5 1 4 0 6 0 1 1 19 2 2 12
2696 1 10 3 10 11 3 2 6
2697 1 2 1 1
2698 1
2699 0 1 4 2 30 0 0 43 0 6 1 2 3 4 4 1 6 18 7 4 -3 0 4 -2 1 7 23 4 2
2700 11 12
2701 7 10 5 18 3 3 6 10 4 12 7 1 7 5 10 7 11 9
2702 7 37
2703 4 14 15 0
2704 13 12
2705 11 11 14
2706 16 1 2 13 12
2707 7 8 7 4 13 3 5 12 11
2708 1
2709 1 2 1 14
2710 11
2711 13 28 -67
2712 5 17 18 0 6 6
2713 4 14 5 14
2714 0 0
2715 2
2716 3 8 14 14 8 -22 14
2717 13 1 27 11 2 4 3 2 3 8 1 1 10 22
2718 0 0 0 0 0 0
2719 0 9
2720 1 4 1 12 10
2721 13 0 13 14 10 2
2722 13 1 0 2 5 8 1 5
2723 8 16 6 38
2724 15 22
2725 3 3 2 1 4
2726 17 4
2727 16 8 16 6 4 25 6 3 4 6 10 44 11 4 8 9 2
2728 4 26 9 3 16 3
2729 35 46 62
2730 10 3
2731 1
2732 5 2 6 7 2 5 8 1 1
2733 15 15
2734 4 4 3
2735 27 9 8 7 4 11 7 7
2736 0 2 27 0 0 1 21
2737 7 3 2 7 9 0 1 0 2 6 7 8
2738 14
2739 1
2740 1
2741 3 8 15 2
2742 8 15 3
2743 4 4
2744 20 0 12
2745 14 1 14 1 14 7 4 4 7 5 3 19 7 4 2
2746 7 0 4 4 7
2747 27 13 20 8 8
2748 7 1
2749 2 9 8 27 4 3 0 2 2 5
2750 4 12 3 5 24 8 9 13 13 11 15 14 6 4 -8 24
2751 8 10 9 0 4 14
2752 9 8
2753 29 11 39 5 2 5 6 6 6 3 1 25 4 35
2754 2 2
2755 1
2756 1 0 24 26 13 9 26 4 1 24 26
2757 1 1 1 0 7 0
2758 3 11 2
2759 8 10 2 3 17 3 3 5 14 3 2 5 17
2760 21
2761 2
2762 16 7 15 12 12 10 8 9 12
2763 0 6 1 1 1 0 0 0
2764 10 1 7 10 11 1 2 4 24 26
2765 4 4 3 1
2766 2 5 4 4 4 4 6 3 4 4 5 6 4 6 5 4 3 3 3 3 3
2767 -4 37
2768 3 9
2769 7 10 11 1 6 10 10 14 4 38 15 10
2770 34 15
2771 11
2772 5 6 1 1 1 3 2 2
2773 40
2774 2 10 8 1 10
2775 1 2
2776 1 1 2 10 1 -1 36 2 1 24 4 0 17 2 36 4 5 4
2777 2
2778 14 28 79 77 39
2779 1 2 4 1
2780 4 8 8 10 0 13 5 1 3 8 4 7 5
2781 10
2782 4
2783 2 3 2 15 18 6
2784 3 4 13 4 5 4 3 5 -47
2785 1 3 2 4 4 4 3 13 3 3 10
2786 7
2787 17 18
2788 2 1 1 1 1 1 1 1 2 1 1 0 2 2 0 0 0 1 1 1 2
2789 1
2790 9 6 1 8
2791 1 1
2792 9 4 1
2793 11
2794 17 18 15 10 11 6 13 19 13 6 8 11 16 -59 22 13
2795 3 7 4 2 3 15 3
2796 10 9 2 18 1 3 2 2 9
2797 3 3 3 3 4 6 1 3 3 2 6 6 5 4
2798 3 1 2 15 10
2799 1 1 2
2800 1 3
2801 1 9
2802 2
2803 16 15
2804 3
2805 18 2
2806 0 3 4 16 3
2807 -6 29 7 13 5 15 -6
2808 0 58 2
2809 10 4 5 9 16 11
2810 7 -1 -1 3 6
2811 0 1 1
2812 6
2813 3 3
2814 1 10 1 8 3
2815 11 1 15 13 9 21 1 1 8 18 12 16 2
2816 28 51 48 59 40 63 38 44 43 36 55 52 40 48
2817 16 8 17 6 5 12 3 23 -71 15
2818 1 7 1
2819 27
2820 3 -61 2 1 1 9 1 8 9
2821 1 1 0
2822 3 4 3 11
2823 4 10 1 1 1
2824 8 9 7
2825 24 24 25
2826 3 2
2827 3 1 10 3
2828 18 18 1
2829 0
2830 1 1 1
2831 18 12 12 41 41 5 30 17 6 17 10 3 11 11 2 2 5
2832 30 17 0 27 23 1 33 11 23
2833 1 5
2834 13 18
2835 1
2836 81 58 43 21 44 37
2837 26
2838 5 1
2839 0 0
2840 1 4
2841 7 8 2 2 4 0 4 9
2842 10 4 18 5 5
2843 24 22 23 57
2844 25 3
2845 9 7 8 7 1 1 1 1 13 9 5
2846 1 3 2 2
2847 2
2848 0 12 13
2849 2 5 2 12 17 2 5
2850 1
2851 3 2 2 1 4 5 2 1 5 6 1
2852 0 1 3 3 12
2853 5 2 6 0
2854 1 1 2 2 -5
2855 21 25 13 24 1 27
2856 1 0
2857 10 14 0 8 14 1 5 12 7 10 5 7 2 10 5 6 8 10 5 3
2858 0 1 1 1
2859 3 3 9
2860 3 4 3
2861 2 2 3
2862 1 1 7 1 1 2 1 1 1 10 0 11 12 0 1 12
2863 0 0 1
2864 11 13 6
2865 18
2866 1 1 17 14 1 2 1 0 1 35
2867 40 41 30 17 44 31 -2 -1 30 28 30
2868 12
2869 29 4 2 5 7 4 2 8 2 3 2 1 9 3 5 3 10
2870 -42 22 2 11 -3
2871 3
2872 -49 -65 -58 -65 -59 -34 -52 -45 -63 -59 -60 -50 -47 -36 -64 -62 -54 -59 -52 -41 -41 -54 -60 -63 -63 -56 -53 -55 -62 -63 -67 -65 -67 -68 -69 -5 -58
2873 21 16 3 3 2 7 20
2874 4 14 16 4 6 13 9 -18 -60 3
2875 18
2876 0 0
2877 30 -62 26 10 28 4 39
2878 3 8 12 3
2879 1 3 6 -6
2880 0 0 2 2 2 -14
2881 1
2882 3 2 1 9
2883 0 -1 -1 37 -1
2884 3
2885 10
2886 3 1 12 7
2887 8 8 8 18 21 12 24 3 4 18 11 43 21
2888 2 5 33 4 5 8 9 10 7 8 1 5 7 5 7 2
2889 0
2890 1 3 7 9 13 11 16 13 13 12 3 10 1
2891 13 19 23
2892 18 5
2893 3 15 7 31 14 3 11
2894 2
2895 5 2 2 4 1 6 7 1 6 6 3 4 3 3 4
2896 7 17 5
2897 10 10
2898 19
2899 3 0 3 11
2900 15 9 3 2
2901 10 30 40 16 9 15
2902 0
2903 1 1
2904 0
2905 12 9
2906 8 17 1 2
2907 2 4 0
2908 1 3 8 16 2 13
2909 1
2910 28 15 27 10 19 15 22 4 16 1
2911 2 7 5 9 9 5 1 3 3
2912 8 1 2 1 21 2 2 3 2
2913 1 1 2
2914 -3 20 0 16 28 8 2 3 14 16 2 10 13 13 13 1 2 1 31 4 5 4 11 18 7 16 2 12
2915 1 0 2 1
2916 0
2917 13 8 20 1 17
2918 11 3 5 0 4 3 3 4
2919 1 7 1 0 2
2920 0 3 4
2921 3
2922 10 10 2
2923 11 9 9 14 20 4 7 10
2924 8 2 4
2925 2 7 1 0 23 9
2926 14 1 5 0 15 1 17 4 1 1 4 1 17 13 10 12 11 7
2927 -63 0 21
2928 1 0
2929 16 1 1 3 2
2930 2 4 4
2931 4
2932 1
2933 4 16 27 4
2934 5 2 4
2935 16
2936 18 23 11 15 11 20 6
2937 14 9
2938 9 6 9
2939 5 4 7 4
2940 3 9 9
2941 27
2942 3 2
2943 202
2944 9 6
2945 0 1 4 6 4 1 3 2 2 2
2946 3
2947 1 1
2948 15 26
2949 1
2950 9
2951 6 4 4 4
2952 5 7
2953 0
2954 2
2955 0
2956 69
2957 2 4 2 4
2958 9 2 5 3
2959 30 41 6 21 19 1 3 -60 6
2960 1 3 14 18 20 13 2 15 15 5 5 3 8 28 20 28 3 38 3 58 8 8 3 8 3 10 20 8
2961 20 20
2962 27 5 7 -4
2963 0
2964 -1 4 10 4 3 5 1 0 66 1
2965 30 29 2 58 30 28 25 3 3 27 60 60
2966 1 0 0 0 0 1
2967 5 5
2968 2 2 3
2969 14 7 3 5
2970 4 11 14 7 5 11 6 6 4 25 9 6 8 16 11 6 3
2971 10 5 10 9
2972 2 1 2
2973 0 0
2974 6 26 1 2 12 5 24
2975 3 2 2 2 3 3 3
2976 10 19 3 6 17 36 27 13 12 36
2977 42 13 1 15 1 2 7 14 1 2 1 2 3
2978 10
2979 14 18 19 3
2980 20
2981 5 2 12 5 4 15 9 7 10 6 4 11 6 15 11 7 9 1 19 10 5 8 10 7 -57 18 13 9 7 8 0 8 17 3 9 2 2 3 15 17 3 16 3 4 11 9 5 7 6 6 2 1
2982 11 20 0
2983 6 5 2 2 1 1 5 2 2 2 5
2984 5 2
2985 2 3 3 6 2 3
2986 14 25 4 10 5 3 5 2 3 -33 4 11 -74
2987 16
2988 18 15
2989 0 -22
2990 11
2991 -67 -64 -33 47
2992 14 9
2993 0
2994 0
2995 13 13 12
2996 0
2997 0
2998 0
2999 0
3000 0
3001 0 0
3002 3 0 -20 -7 12
3003 8
3004 1
3005 0
3006 0
3007 0
3008 0
3009 0
3010 0
3011 0
3012 0
3013 0 0 4 0 0 0 -1 0 1 0 0 0 0 -2 0 0 0 0 0 0 0 0 0 14 0 0 0 0 0 2 0 1 5 0 0 0 0 1 -1 0 0 0 0 0 0 0 0 0 0 -71 -67 4 0 0
3014 2
3015 -15
3016 43 40 10 58 8 28 15
3017 33
3018 6 1 4 3 26 0 3
3019 3
3020 1 9 9 11 1 2 1 1 4 2 1 12
3021 10 42
3022 1
3023 11 0
3024 15 5 7 7 11
3025 2 2 4 4 1
3026 5 2 2
3027 39
3028 15 15 6
3029 2 1 1 1 3
3030 2 2 4 3
3031 -68 16 -58 46 51 22 -29 -9 30 30 6 27 -28 22 12 19 39 -58 61 -63 -75 18 26 36 9 17 29 14 53 -49 18 45 24 23 19 16
3032 10 6 17 2 7
3033 5 0 25
3034 10 4 2
3035 1 1
3036 6 5 0 13 3 1
3037 16
3038 5 26 24 11 14 31
3039 -6 -6
3040 13
3041 1
3042 1
3043 56 9 11 21 7
3044 23
3045 29 1 32 27 15 6
3046 8 -74
3047 18 16 5 4 3 1 16 4 14
3048 12 11 8 8 12
3049 3 1
3050 12
3051 10 0 4 0
3052 1 0
3053 -43 2
3054 23 20 1
3055 5 7 7 2 2 6 3 2 6 5 5 6 4 5 5
3056 6 5 3 3
3057 9
3058 15 11
3059 10 2
3060 10 18 23 28 26
3061 8 9 3 2
3062 1
3063 7 0 0 22 10 9 8 10 11 25
3064 9 7 0 7 4 7
3065 0
3066 2
3067 10 21 4
3068 2 0 9
3069 5 3
3070 8
3071 3
3072 25
3073 4 1 7 4 9 1 3 6 5 2 9
3074 38 2 33 11 1 16
3075 8 3
3076 3 1
3077 0 -65
3078 25
3079 0 17 1 2 1 2
3080 2 3
3081 2
3082 0
3083 20 4 5 5 1 4 30 2 29 5 23
3084 1 1 12
3085 1
3086 17 4
3087 12 2 2 12
3088 0 -55 2 27
3089 4 1 3
3090 13 12 9 10 2 12 4 2 15 4
3091 5 0
3092 4 1
3093 95 7 5 4 4 7 5 1 5 6 22 18
3094 21 16 16
3095 0 1
3096 89
3097 2 5 2 6 4
3098 16
3099 17 38
3100 7
3101 3
3102 10
3103 10 5 9
3104 11
3105 16
3106 17
3107 28 5 16 21 28 24 18
3108 -3
3109 12
3110 4 1
3111 16 8 49 7 14 5 9 4 8 11 19 15 22 23
3112 -8 12
3113 15 -60 -67 20
3114 -29 -31 -29 -32 -27
3115 11 39
3116 13 11
3117 0
3118 -67
3119 2 3
3120 3 6 4
3121 14 10
3122 23 12 17
3123 1
3124 22
3125 9
3126 2
3127 18
3128 4 4 4
3129 18
3130 19 15 13 14
3131 2 12 13 5 11
3132 49 48 29
3133 28
3134 6 2 6 7 -49 1 0 2 3 4 0 2 -65 4 3 7 1 2 3 9 10 9 1 3 7 11 5 2 -67 4 2 6 8 1 6 4 9 1 8 10 6 3 6 8 3 3 6 4 11 8 3 1 1 8 5 2 5 5 3 5 2 4 1 1 8 6 11 10 1 2 -23 1 2 5 1 12 2 2 2 8 9 8 4 6 2 1 11 4 3 6 5 7 8 9 15 8 6 7 6 9 4 5 1 7 1 6 3 2 3 8 1 8 8 1 9 2 12 2 1 1 4 3 4 1 9 8 8 4 3 1 5 1 3 1 3 1 1 4 7 4 1 4 6 3 5 6 3 2 1 3 1 5 6 -4 5 0 1 2 3 7 2 3 8 4 10 6 5 2 1 7 4 4 7 5 11 4 6 3 3 7 2 6 1 3 3 5 1 12 9 1 3 9 5 10 5 3 2 5 5 7 1 16 9 1 5 6 13 2 7 2 1 1 3 9 1 1 1 2 4 1 6 6 3 5 1 5 1 1 1 6 2 3 3 2 9 8 9 2 2 3 6 2 3 3 3 1 5 3 0 1 1 4 5 1 7 4 2 11 5 5 2 4 1 10 4 10 6 7 2 2 3 2 8 1 6 7 3 3 7 2 1 14 5 1 6 4 1 5 8 9 7 1 9 2 9 7 8 5 9 -61 3 3 8 2 1 2 3 3 6 -31 3 8 4 8 3 2 1 4 4 6 4 8 8 9 2 3 1 5 4 1 2 3 3 2 7 4 2 3 4 4 1 2 1 2 3 2 4 2 7 4 -21 7 -5 8 9 1 8 1 -69 8 2 9 9 4 10 3 8 7 2 2 15 14 7 3 7 7 3 4 2 10 11 9 7 6 4 9 6 4 7 -74 3 4 -63 2 7 2 5 1 3
3135 2
3136 10 0
3137 1 3 4
3138 0 13
3139 22
3140 23 10
3141 -20
3142 10 19 16 1 0 4 0 2 1 4 10 1 4 0 1 0 3 5 2 1 3 6 4 5 5 12 3 1 5 4 1 2 5 5 -42 19 3
3143 -12
3144 0 0 0 0
3145 3
3146 -33
3147 0 0 0 0
3148 15
3149 -71
3150 15 20
3151 -58
3152 2 -17 -62 2 1 2 2 5 5 10 4 4 3 2 4 11 5 5 24 4 3 16 41 3 2 23 3 2 1 2 2 2 2 4 2 17 -18 2 2 2 4 5 2 3 3 3 -72 1 3 5 3 2 2 2
3153 -5
3154 1 8 7 4 16 0
3155 39 66
3156 0 0 0 0 0 0 0
3157 12 2 1
3158 0 0
3159 -33
3160 -72
3161 -33
3162 38
3163 -16
3164 5
3165 21
3166 12
3167 6
3168 16
3169 8
3170 8
3171 8
3172 13 9 9
3173 -59
3174 28 4
3175 1
3176 8 6 39 17 40 -10 56 6 12 6 3 7 13 26 -1 13 2 15 7 -58 10 26 2 2 1 5 13 15 2 18 11 2 15 -60 4 24 3 -60 29 6 5 10 20 -60 9 14 10 7 17 4 16 10 14 4 21 -60 8 7 25 3 4 39 4 34 13 14 6 9 24 12 22 3 3 3 76 34 9 68 12 25 32 7 8 4 7 15 30 10 15 14 19 2 18 9 18 37 15 41 5 17 63 16 10 22 30 28 3 12 23 34 53 38 22 30 12 -66 5 6 14 39 24 3 4 7 3 8 27 11 31 34 39 42 30 47 49 13 11 57 35 39 -5 17 40 70 29 7 20 37 -53 25 23 3 22 -55 10 35 -16 20 20 30
